3927.87 0.025
7727.45 0.05
14230.1 0.1
14305.7 0.100614
20182.9 0.154204
19164.2 0.145921
21806.2 0.172252
22010.4 0.174992
19406 0.153031
16787.1 0.131071
8646.65 0.064866
3803.21 0.0317165
800.359 0.0106614
-902.972 0.000133858
-2901.11 -0.0103937
-12516.6 -0.071055
-16563.6 -0.100614
-22139.6 -0.154204
-21030.6 -0.145921
-23421.6 -0.172252
-23621 -0.174992
-18029.2 -0.131071
-9392.99 -0.064866
-4601 -0.0317165
1515.81 0.0103937
9622.85 0.071055
12126.3 0.0914801
15769.2 0.121764
19210.8 0.150645
20578.9 0.162189
21435.7 0.16948
17567.5 0.136866
9901.17 0.0733699
2184 0.0155118
-2168.38 -0.0155905
-10451.7 -0.0726298
-12930.7 -0.0914801
-16842.6 -0.121764
-20526.2 -0.150645
-21995.5 -0.162189
-22922.3 -0.16948
-18769.8 -0.136866
-10543.4 -0.0733699
-2139.1 -0.0155118
2209.21 0.0155905
9816.71 0.0726298
3376.09 0.0243937
5821.69 0.0417794
7299.09 0.0527873
8272 0.0603306
18142.4 0.141685
24189.7 0.207338
30542.4 0.307338
30637.2 0.308692
26377.1 0.263275
19477.2 0.190063
9773.52 0.0900626
9569.15 0.0880943
-2017.23 -0.0119057
-3833.15 -0.0243937
-6259.33 -0.0417794
-7831.46 -0.0527873
-8870.87 -0.0603306
-19430.5 -0.141685
-25525.2 -0.207338
-32634.7 -0.307338
-32730.4 -0.308692
-28170.6 -0.263275
-20787.1 -0.190063
-10388.2 -0.0900626
-10169.2 -0.0880943
-1601.28 -0.0158267
4855.25 0.0441416
6493.51 0.0586141
8591.51 0.0780943
15440.2 0.147181
22214.1 0.218803
29917.7 0.300976
26713.7 0.266724
17400.5 0.167905
10294.8 0.0946927
1704.82 0.0158267
-1458.83 -0.0141575
-5023.68 -0.0441416
-6737.38 -0.0586141
-9054.56 -0.0780943
-16438.6 -0.147181
-23700.5 -0.218803
-31957.7 -0.300976
-28518.8 -0.266724
-18538.6 -0.167905
-10903.5 -0.0946927
-5936.71 -0.0521259
-3892.18 -0.0351495
648.463 0.0055433
1255.93 0.011433
11982.6 0.111433
12833.6 0.120141
22340.2 0.220141
24208.1 0.24
32763.4 0.34
35740 0.383936
42222.6 0.483936
43540.1 0.515621
40365.3 0.477597
37188.1 0.439574
28821.5 0.339574
27537 0.324251
19093.3 0.224251
15701.5 0.184724
6675.71 0.084724
2005.95 0.0351495
194.349 0.0148031
-1178.3 -0.0055433
-1739.85 -0.011433
-12752.1 -0.111433
-13662.2 -0.120141
-23877.1 -0.220141
-25888.8 -0.24
-34938.9 -0.34
-37969.9 -0.383936
-44179.3 -0.483936
-45852.7 -0.515621
-39139 -0.439574
-30288.4 -0.339574
-28926.4 -0.324251
-19987.3 -0.224251
-16369.1 -0.184724
-7313.49 -0.084724
-7176.77 -0.0832597
-4204.01 -0.0517322
-1043.29 -0.0159842
445.658 0.00188976
1749.17 0.0197637
8552.49 0.119764
9515.89 0.133496
17391.8 0.233496
18154.8 0.242535
27217.3 0.342535
30576.3 0.377495
40193.1 0.477495
42946.5 0.509164
38106 0.450897
29781.5 0.350897
26675.3 0.313716
18239.8 0.213716
15781.1 0.185039
6890.21 0.085039
6721.23 0.0832597
3849.68 0.0517322
-1761.74 -0.0197637
-10418.4 -0.119764
-11654.1 -0.133496
-20668.3 -0.233496
-21482.4 -0.242535
-30462.3 -0.342535
-33608.5 -0.377495
-42440.2 -0.477495
-45029.6 -0.509164
-39887.6 -0.450897
-31049.6 -0.350897
-27745.8 -0.313716
-18794.6 -0.213716
-16171 -0.185039
-7556.83 -0.0892282
-8013.01 -0.0944093
-1226.94 -0.0194645
3315 0.0419054
10147.8 0.141905
15534.1 0.210944
24233.7 0.310944
29743.3 0.369165
39424 0.469165
44268.2 0.540582
47031.2 0.640582
48635.9 0.708723
40697.6 0.608723
40665.1 0.608314
32720.7 0.508314
28166.5 0.451212
20160.6 0.351212
14988.8 0.287795
6591.91 0.187795
726.841 0.0944093
-2966.16 0.0194645
-6251.04 -0.0419054
-13722.1 -0.141905
-19632.3 -0.210944
-28383.9 -0.310944
-33419.3 -0.369165
-41831.7 -0.469165
-46847 -0.540582
-49953.9 -0.640582
-51207.3 -0.708723
-42904 -0.608723
-42870 -0.608314
-34563.2 -0.508314
-29811.3 -0.451212
-21462 -0.351212
-16105.1 -0.287795
-7859.17 -0.187795
-1882.64 -0.109008
1116.8 -0.0561574
5163.6 0.0362361
9911.3 0.136236
13895.1 0.212362
20178.1 0.312362
24555.1 0.374661
32093.6 0.474661
37486.9 0.544834
44648.4 0.644834
48564.6 0.716408
40645.3 0.616408
40601.7 0.615857
32678.5 0.515857
27259.5 0.447747
19263.4 0.347747
13182.3 0.273338
5040.54 0.173338
1262.26 0.109008
-1363.23 0.0561574
-5467.8 -0.0362361
-9962.46 -0.136236
-14351.7 -0.212362
-21540.3 -0.312362
-26404 -0.374661
-34426.2 -0.474661
-39874.1 -0.544834
-46786.9 -0.644834
-50464.2 -0.716408
-42177.3 -0.616408
-42131.6 -0.615857
-33844.1 -0.515857
-28187.3 -0.447747
-19865.6 -0.347747
-13578.5 -0.273338
-5565.49 -0.173338
-1444.81 -0.114976
1796.67 -0.0544771
-4245 -0.154477
-10655.4 -0.254477
-12106 -0.274228
-19903.2 -0.374228
-28629.3 -0.474228
-29150.8 -0.479914
-38548.1 -0.579914
-47690.1 -0.679914
-49475.7 -0.702756
-52391.9 -0.802756
-51876.4 -0.902756
-51742.8 -0.92134
-47774 -0.87134
-43804.8 -0.82134
-41383.6 -0.790808
-33475.4 -0.690808
-25611.1 -0.590808
-25279.8 -0.586575
-17493.1 -0.486575
-9835.57 -0.386575
-8934.57 -0.374133
-2190.92 -0.274133
2657.7 -0.174133
3908.62 -0.14171
6385.71 -0.0730046
7367.5 -0.047107
717.169 -0.147107
-4412.91 -0.247107
-6016.97 -0.27607
-11964 -0.37607
-18992.8 -0.47607
-19805.3 -0.487059
-27548.3 -0.587059
-35602.5 -0.687059
-37281.3 -0.708284
-44624.5 -0.808284
-50112.6 -0.908284
-50657.6 -0.93133
-42736.1 -0.83133
-40305 -0.800614
-32419.6 -0.700614
-24586.2 -0.600614
-23143.9 -0.582071
-15402.7 -0.482071
-7951.79 -0.382071
-6049.11 -0.355339
-105.779 -0.255339
4178.2 -0.155339
4392.44 -0.149469
-1696.5 -0.249469
-3859.75 -0.28744
2430.17 -0.18744
5869.02 -0.110472
10152.3 -0.016496
14748.1 0.083504
19170.8 0.183504
20651 0.216023
25002.6 0.316023
30429.1 0.416023
36493 0.505904
42878.2 0.605904
48166.3 0.705904
49920.6 0.773424
51318.1 0.873424
51927 0.973424
51928.6 1.01893
44355.9 0.918935
41251.1 0.877912
33702.2 0.777912
26202.9 0.677912
21287.6 0.612007
13843.1 0.512007
6679.25 0.412007
2720.15 0.336614
-1309.84 0.236614
-4919.64 0.136614
-6198.52 0.0962597
-7882.26 0.0405905
-10738.9 -0.0594095
-13632.8 -0.15941
-15276.5 -0.212755
-19067 -0.312755
-24297.9 -0.412755
-26969.6 -0.461771
-32422.2 -0.561771
-37585.8 -0.661771
-40803.3 -0.728502
-45213.4 -0.828502
-48586.7 -0.928502
-49108.7 -0.981061
-49621.9 -1.08106
-49803.4 -1.18106
-50063.3 -1.26
-42313.6 -1.16
-38905 -1.11582
-31266.5 -1.01582
-23768.9 -0.915825
-18739.1 -0.847164
-11689.4 -0.747164
-5337.08 -0.647164
-3141.82 -0.607558
1703.44 -0.507558
5214.64 -0.407558
6343.61 -0.36996
9191.83 -0.26996
9557.22 -0.257244
12292.5 -0.157244
15000.6 -0.0572436
16053.7 -0.0168897
18470.8 0.0831103
20592.1 0.18311
21778.2 0.245866
23768.4 0.345866
25808.7 0.445866
28111.9 0.507479
32720.9 0.607479
37562.4 0.707479
40276.8 0.765156
44677.5 0.865156
48355.8 0.965156
49529.5 1.02838
41981.7 0.928384
38210.5 0.878305
30723.4 0.778305
23323 0.678305
19130.4 0.621022
11915.3 0.521022
5127.83 0.421022
1273.7 0.337007
-2507.3 0.237007
-5837.64 0.137007
-7612.14 0.0762203
-9161.12 0.0201574
-11820.8 -0.0798426
-14468.8 -0.179843
-15133.8 -0.205275
-18055.9 -0.305275
-21500.8 -0.405275
-24236.9 -0.473582
-28313 -0.573582
-32446.6 -0.673582
-34027 -0.713581
-37704.2 -0.813581
-40935.3 -0.913581
-43557.1 -1.00933
-45779.6 -1.10933
-47568.8 -1.20933
-48369.6 -1.26078
-40620 -1.16078
-36521.9 -1.1076
-28910.1 -1.0076
-21445.2 -0.907596
-17065.5 -0.847557
-10125 -0.747557
-4069.9 -0.647557
-995.434 -0.589881
3290.06 -0.489881
6462.98 -0.389881
7039.29 -0.36996
7039.3 -0.36996
10865.4 -0.26996
14743.3 -0.16996
18690 -0.0699599
19668.4 -0.0435432
22873.7 0.0564568
25333.4 0.156457
26914.2 0.245984
28170.4 0.345984
29276.2 0.445984
31127.3 0.545984
32121.5 0.570865
36466.6 0.670865
40898.7 0.770865
44183.4 0.851337
47790.8 0.951337
50403.8 1.05134
50820.7 1.09354
50687.6 1.14354
50409.6 1.19354
50228.9 1.29354
50244.2 1.30968
42934.5 1.20968
35689.4 1.10968
35380.7 1.10539
28255.1 1.00539
21264.9 0.905391
14463 0.805391
12233.5 0.771849
5865 0.671849
1303.55 0.571849
-2343.25 0.471849
-3755.46 0.430472
-6846.76 0.330472
-9563.2 0.230472
-12012.9 0.130472
-12664.6 0.103228
-14999.9 0.00322814
-17196.7 -0.0967719
-19470.4 -0.196772
-19920.6 -0.218464
-21876.7 -0.318464
-23827 -0.418464
-26398.2 -0.518464
-27093.8 -0.538621
-30732.3 -0.638621
-34539.3 -0.738621
-38027.1 -0.838621
-38363.3 -0.848935
-41376.1 -0.948935
-43915.4 -1.04894
-45952.9 -1.14894
-46184.5 -1.16201
-47746 -1.26201
-47791.6 -1.26523
-48844.6 -1.36523
-49285.1 -1.46523
-49402.9 -1.55547
-41730.3 -1.45547
-34151.8 -1.35547
-33738.5 -1.34996
-26337.9 -1.24996
-19174.1 -1.14996
-12400.5 -1.04996
-9364.05 -1.00228
-3659.79 -0.902281
1035.64 -0.802281
4612.85 -0.702281
5727 -0.664447
8414.45 -0.564447
10988.4 -0.464447
13396.9 -0.364447
14031.6 -0.338385
16347.9 -0.238385
18394.2 -0.138385
20173 -0.0383852
20540.3 -0.0155118
21994.1 0.0844882
23229.2 0.184488
24284.9 0.284488
24399.7 0.296377
25379 0.396377
26496.3 0.496377
28221.4 0.580353
31699.9 0.680353
35334.1 0.780353
38790.1 0.880353
39432.6 0.900116
42451.7 1.00012
44418.1 1.07453
46626.7 1.17453
48346.6 1.27453
48612.1 1.33248
41330 1.23248
34118.9 1.13248
31546.9 1.09638
24519.4 0.996376
17666.6 0.896376
11071 0.796376
10139.7 0.781691
4156.1 0.681691
9.44332 0.581691
-3524.36 0.481691
-4551.13 0.450905
-7516.23 0.350905
-10128.6 0.250905
-12591.4 0.150905
-13687 0.104409
-15925.9 0.00440924
-18134.8 -0.0955908
-20188.9 -0.195591
-20425.8 -0.208267
-22205.6 -0.308267
-23955.6 -0.408267
-26045.8 -0.508267
-26361.5 -0.519763
-29262 -0.619763
-32395.7 -0.719763
-35540.6 -0.819763
-36410.4 -0.848542
-39163.6 -0.948542
-41508.6 -1.04854
-43467.3 -1.14854
-43962.3 -1.17693
-45426 -1.26956
-46803.6 -1.36956
-48022.7 -1.46956
-49005.3 -1.5637
-41337 -1.4637
-34356.7 -1.37157
-26941.8 -1.27157
-19749.4 -1.17157
-12938 -1.07157
-8773.71 -1.00582
-3180.66 -0.905825
1419.73 -0.805825
4897.55 -0.705825
5420.89 -0.68803
8135.29 -0.58803
10709.5 -0.48803
13121.9 -0.38803
14291 -0.339566
14291 -0.339566
16680.1 -0.239566
17036.6 -0.222244
18892.4 -0.122244
20466.9 -0.0222437
21423 0.0471259
22649.8 0.147126
23719.1 0.247126
24651.8 0.347126
25321.9 0.417952
26383 0.517952
28185.6 0.617952
31433.7 0.717952
34973.2 0.817046
38436.4 0.917046
41542.5 1.01705
44208.6 1.11705
45261.5 1.16271
47209.7 1.26271
48543 1.36271
48696.1 1.46271
49053.2 1.56271
49071.6 1.56811
41863.1 1.46811
34726.9 1.36811
31250.5 1.31866
24356.2 1.21866
17676 1.11866
11253.3 1.01866
7398.38 0.954132
2258.56 0.854132
-1452.96 0.754132
-4741.22 0.654132
-7109.86 0.572322
-9689.98 0.472322
-12066.6 0.372322
-14349.9 0.272322
-14680.4 0.257007
-16749 0.157007
-18583.9 0.0637794
-20400.1 -0.0362206
-21943.6 -0.136221
-23258.1 -0.236221
-24128.1 -0.303897
-25423.5 -0.403897
-27015.2 -0.503897
-29544.8 -0.603897
-31994.6 -0.687676
-34954.9 -0.787676
-37831.5 -0.887676
-40322.7 -0.987676
-41985.1 -1.06516
-43813.9 -1.16516
-45357.7 -1.26516
-46694.4 -1.36516
-47085.3 -1.39704
-48230.5 -1.49704
-49080.9 -1.59704
-49147.7 -1.69704
-49319.8 -1.77574
-41706.3 -1.67574
-34202.7 -1.57574
-32552.7 -1.55342
-25294.9 -1.45342
-18316.2 -1.35342
-11798.3 -1.25342
-7875.58 -1.18815
-2596.71 -1.08815
1772.4 -0.988147
5107.06 -0.888147
6869.12 -0.824014
9354.76 -0.724014
11756.5 -0.624014
14010.4 -0.524014
14688.2 -0.493779
16805.1 -0.393779
18464.4 -0.304803
20106.7 -0.204803
21494 -0.104803
22681.2 -0.00480254
23223.8 0.0467322
24167.5 0.146732
24985.3 0.246732
25696.8 0.346732
26347.1 0.445432
27310.3 0.545432
29535.9 0.645432
32349.7 0.745432
34741.4 0.827242
37598.6 0.927242
40143.9 1.02724
42367.5 1.12724
43652 1.19299
45352.4 1.29299
46791.4 1.39299
48035.3 1.49299
48810.8 1.56929
41604.4 1.46929
34477.6 1.36929
31007.8 1.31984
24132.6 1.21984
17476.2 1.11984
11139 1.01984
7839.65 0.964368
2658.59 0.864368
-1097.06 0.764368
-4399.37 0.664368
-6823.25 0.582164
-9441.68 0.482164
-11836.6 0.382164
-14132.7 0.282164
-15836.6 0.201929
-17832.6 0.101929
-18934.2 0.0457086
-20662.1 -0.0542914
-22135.4 -0.154291
-23386.3 -0.254291
-24045.9 -0.304291
-25316.7 -0.404291
-26785.1 -0.504291
-29058.3 -0.604291
-30758.9 -0.673542
-33374.9 -0.773542
-35955.1 -0.873542
-38407 -0.973542
-39893.1 -1.04236
-41771.1 -1.14236
-43363.3 -1.24236
-44719.9 -1.34236
-45554.8 -1.41082
-46671.8 -1.51082
-47685.1 -1.61082
-48622.9 -1.71082
-49161 -1.78598
-41549.9 -1.68598
-34047.7 -1.58598
-31704 -1.55421
-24473.7 -1.45421
-17541.9 -1.35421
-11086.2 -1.25421
-6651.25 -1.1787
-1575.51 -1.0787
2582.26 -0.978698
5713.06 -0.878698
7429.12 -0.814172
9879.31 -0.714172
12245.8 -0.614172
14023.4 -0.534645
14023.4 -0.534645
16322.2 -0.434645
18181.7 -0.334645
19770.8 -0.234645
19937.6 -0.22307
21250.5 -0.12307
22404.9 -0.0230704
23321.6 0.0679526
24210.2 0.167953
24991.3 0.267953
25678.7 0.367953
26336.9 0.467953
26789.8 0.521259
28246.7 0.621259
30798.2 0.721259
33651.2 0.821259
36605 0.921259
37376.5 0.94862
39990.5 1.04862
42271 1.14862
44216.3 1.24862
45856.8 1.34862
46562.9 1.39724
47864.9 1.49724
48871.5 1.59724
49124.6 1.69724
49140.1 1.79724
49120 1.81035
49078.7 1.82346
41962.8 1.72346
34931.5 1.62346
30431.1 1.5583
23688.7 1.4583
17190.9 1.3583
11015.4 1.2583
5318.05 1.1583
3954.26 1.13173
-0.0782842 1.03173
-3320.91 0.93173
-6320.19 0.83173
-8908.21 0.73173
-9290.76 0.71614
-11584.4 0.61614
-13783.4 0.51614
-14000 0.506101
-16067.3 0.406101
-17904.5 0.306101
-19684 0.206101
-21193.6 0.106101
-21508 0.0830313
-22751.6 -0.0169687
-23816.6 -0.116969
-24727.8 -0.216969
-25511.8 -0.316969
-25910.3 -0.358858
-26960.3 -0.458858
-28885.1 -0.558858
-31243.4 -0.658858
-33691 -0.758858
-34478.9 -0.79055
-36876.1 -0.89055
-39095.6 -0.99055
-41003.9 -1.09055
-42650.6 -1.19055
-42869.1 -1.205
-44254 -1.305
-45465.1 -1.405
-46557.2 -1.505
-47548.5 -1.605
-47799.1 -1.63157
-48697.3 -1.73157
-49291.5 -1.83157
-49460.6 -1.93157
-49537.3 -2.03157
-49554.9 -2.05547
-41981.8 -1.95547
-34526.4 -1.85547
-29694.5 -1.78917
-22624.4 -1.68917
-15967.1 -1.58917
-9818.13 -1.48917
-4347.87 -1.38917
-3498.35 -1.37122
880.11 -1.27122
4390.26 -1.17122
7093.61 -1.07122
9211.42 -0.982006
11477.1 -0.882006
13603.2 -0.782006
14494.1 -0.738896
16485.7 -0.638896
18300.6 -0.538896
19846.3 -0.438896
20933 -0.359448
22101.3 -0.259448
23125.3 -0.159448
23999.4 -0.0594481
24757.3 0.0405519
25062.9 0.0848423
25693.2 0.184842
26251.5 0.284842
26748.9 0.384842
27254.1 0.484842
27518.8 0.520865
29110.3 0.620865
31333.4 0.720865
33687.3 0.820865
36020.1 0.920865
37557 0.987911
39649.9 1.08791
41501.2 1.18791
43100.1 1.28791
44488.3 1.38791
44739 1.40744
45932 1.50744
46999.3 1.60744
47964.4 1.70744
48855.5 1.80744
48903.8 1.82508
48916.2 1.84271
41807.7 1.74271
34792.5 1.64271
29662.7 1.56815
22969.4 1.46815
16533.2 1.36815
10476.2 1.26815
4869.81 1.16815
3603.12 1.14153
-220.716 1.04153
-3495.17 0.941533
-6460.07 0.841533
-9023.07 0.741533
-9650.08 0.715747
-11917.4 0.615747
-14094.9 0.515747
-14324.9 0.50492
-16341.2 0.40492
-18171.3 0.30492
-19884.4 0.20492
-21331.7 0.10492
-21703 0.0763778
-22889.8 -0.0236222
-23906.2 -0.123622
-24779.1 -0.223622
-25544.5 -0.323622
-25677.3 -0.338818
-26627.7 -0.438818
-28159.3 -0.538818
-30256.5 -0.638818
-32370.9 -0.738818
-32915.3 -0.766219
-34976.9 -0.866219
-36909.2 -0.966219
-38798.6 -1.06622
-40471.2 -1.16622
-41105.6 -1.20815
-42485.7 -1.30815
-43714.4 -1.40815
-44816.8 -1.50815
-45806.6 -1.60815
-46050 -1.63393
-46955.7 -1.73393
-47799.5 -1.83393
-48587.4 -1.93393
-49307.5 -2.03393
-49361.1 -2.05704
-41790.6 -1.95704
-34338.5 -1.85704
-29452.4 -1.78996
-22391.8 -1.68996
-15744.8 -1.58996
-9619.33 -1.48996
-4190.97 -1.38996
-3345.58 -1.37201
1008.3 -1.27201
4492.56 -1.17201
7178.91 -1.07201
9534.57 -0.972005
10174.4 -0.943463
12410.8 -0.843463
14024.7 -0.765628
14024.7 -0.765628
18303.4 -0.665628
22242.4 -0.565628
25053.2 -0.465628
26794.8 -0.365628
27860.9 -0.265628
27903.4 -0.260433
28583.8 -0.160433
29089.2 -0.0604326
29454.6 0.0395674
29745.4 0.139567
29785 0.154724
30023.2 0.254724
30230.4 0.354724
30415 0.454724
30983.1 0.554724
32453.9 0.639093
34325.5 0.739093
36308.4 0.839093
38306 0.939093
40264.1 1.03909
41097.7 1.08535
42755.1 1.18535
44188.9 1.28535
45430.7 1.38535
46529.7 1.48535
47509.6 1.58535
47532.1 1.58775
48418.1 1.68775
49236.6 1.78775
49895.3 1.88775
50023.7 1.98775
50126.4 2.08775
50137.6 2.10511
43058.5 2.00511
36069.6 1.90511
29256.6 1.80511
28044.7 1.78696
21497.5 1.68696
15302 1.58696
9498.53 1.48696
4202.38 1.38696
449.371 1.29043
-2788.74 1.19043
-5725.41 1.09043
-8320.32 0.99043
-9191.07 0.953699
-11408.9 0.853699
-13475.2 0.753699
-15447.6 0.653699
-17046.6 0.565038
-18684.1 0.465038
-20227.9 0.365038
-21538.1 0.265038
-22656.7 0.165038
-23415.3 0.0881494
-24284.4 -0.0118506
-25040.8 -0.111851
-25703.1 -0.211851
-26287 -0.311851
-26771.8 -0.391456
-27678.2 -0.491456
-29368.2 -0.591456
-31399.4 -0.691456
-33356.8 -0.791456
-34724.4 -0.860077
-36610.2 -0.960077
-38457.3 -1.06008
-40141.3 -1.16008
-41614.8 -1.26008
-42649.2 -1.33854
-43844 -1.43854
-44914.3 -1.53854
-45881.4 -1.63854
-46782.3 -1.73854
-47623.6 -1.83854
-47708.9 -1.84921
-48485.5 -1.94921
-49219 -2.04921
-49457 -2.14921
-49580.3 -2.24921
-49671 -2.3387
-42121.2 -2.2387
-34697 -2.1387
-27493.1 -2.0387
-26737.9 -2.02799
-19926.2 -1.92799
-13583.3 -1.82799
-7787.42 -1.72799
-2804.4 -1.62799
967.294 -1.53819
4391.57 -1.43819
7056.06 -1.33819
9348.32 -1.23819
10392.2 -1.18925
12451.7 -1.08925
14392.8 -0.98925
16252.3 -0.88925
17282.3 -0.830431
18903.4 -0.730431
20293.7 -0.630431
21507.2 -0.530431
22534.2 -0.430431
23433.8 -0.330431
23558.5 -0.315472
24331.9 -0.215472
24993.2 -0.115472
25579.4 -0.0154718
26103 0.0845282
26445.3 0.156299
26881.8 0.256299
27277.4 0.356299
27637.5 0.456299
27894.9 0.506299
28374.9 0.556299
29749.8 0.637518
31682.5 0.737518
33567.5 0.837518
35439.8 0.937518
37269.8 1.03752
38818.7 1.12307
40464 1.22307
41929.5 1.32307
43239.1 1.42307
44398.2 1.52307
45098.8 1.58933
46083.4 1.68933
46987.2 1.78933
47826.5 1.88933
48604 1.98933
49166.3 2.08933
49199.7 2.11574
42128.8 2.01574
35153.5 1.91574
28352.4 1.81574
26517.4 1.78815
20025.6 1.68815
13902.1 1.58815
8237.84 1.48815
3163.28 1.38815
164.767 1.30693
-3055.78 1.20693
-5979.14 1.10693
-8535.57 1.00693
-9409.74 0.969801
-11603.1 0.869801
-13662.1 0.769801
-15624.6 0.669801
-17153.2 0.585865
-18802 0.485865
-20346.6 0.385865
-21643 0.285865
-22752.9 0.185865
-23704 0.085865
-23752.9 0.0803148
-24571.8 -0.0196852
-25286.5 -0.119685
-25914.2 -0.219685
-26469.1 -0.319685
-26954.6 -0.393031
-27907.2 -0.493031
-29605 -0.593031
-31419.5 -0.693031
-33148.3 -0.793031
-34434.9 -0.872282
-35976.8 -0.972282
-37469.3 -1.07228
-38916.7 -1.17228
-40345 -1.27228
-41449.5 -1.35937
-42592.3 -1.45937
-43635.2 -1.55937
-44601.2 -1.65937
-45503.9 -1.75937
-46274.7 -1.85078
-47058.5 -1.95078
-47806.8 -2.05078
-48523.5 -2.15078
-49200.8 -2.25078
-49565.5 -2.33752
-42017.6 -2.23752
-34594.9 -2.13752
-27941.4 -2.04527
-21058 -1.94527
-14633 -1.84527
-8742.11 -1.74527
-3595.68 -1.64527
-70.4194 -1.56449
3553.8 -1.46449
6387.54 -1.36449
8755.49 -1.26449
9080.46 -1.2498
11190.2 -1.1498
13220.8 -1.0498
15120 -0.949801
16932.6 -0.849801
17882.3 -0.793502
17882.3 -0.793502
19456.5 -0.693502
20729.9 -0.593502
21823.4 -0.493502
22750.6 -0.393502
23573.9 -0.293502
23674.7 -0.280472
24396.4 -0.180472
25027.1 -0.0804719
25585.3 0.0195281
26088.7 0.119528
26329.9 0.17122
26763.4 0.27122
27158.1 0.37122
27558.1 0.47122
28251 0.57122
29761.5 0.67122
30467.4 0.710195
32334.4 0.810195
34157.7 0.910195
35973 1.0102
37764.7 1.1102
39511.1 1.2102
40244.6 1.25582
41718.2 1.35582
43042.4 1.45582
44224.8 1.55582
45282.6 1.65582
46252.1 1.75582
47018.2 1.84074
47860.9 1.94074
48650 2.04074
49210.9 2.14074
49292.4 2.24074
49388.4 2.34074
49417.8 2.36952
42366.3 2.26952
35414 2.16952
28641 2.06952
25165.4 2.01677
18830.7 1.91677
12877.7 1.81677
7396.73 1.71677
2599.93 1.61677
-892.653 1.51677
-1705.59 1.49118
-4657.7 1.39118
-7344.38 1.29118
-9674.99 1.19118
-9805.39 1.18531
-11899.9 1.08531
-13847.6 0.985313
-15701 0.885313
-17434.5 0.785313
-18987.2 0.685313
-19624.1 0.643621
-21004.5 0.543621
-22149.1 0.443621
-23151.6 0.343621
-24014.6 0.243621
-24756.1 0.143621
-25105.1 0.0916927
-25717.1 -0.00830727
-26260.6 -0.108307
-26746.3 -0.208307
-27183 -0.308307
-27711.3 -0.408307
-27912.6 -0.43429
-29172.5 -0.53429
-30848 -0.63429
-32524.6 -0.73429
-34105.5 -0.83429
-35578.5 -0.93429
-36192.8 -0.97677
-37610.9 -1.07677
-38976.1 -1.17677
-40357.9 -1.27677
-41591 -1.37677
-42691.6 -1.47677
-43046.1 -1.51098
-44029.1 -1.61098
-44947 -1.71098
-45809.8 -1.81098
-46618.1 -1.91098
-47369.4 -2.01098
-47656.2 -2.05035
-48364.3 -2.15035
-49041.9 -2.25035
-49593.6 -2.35035
-49728.6 -2.45035
-49829.7 -2.55035
-49856 -2.57913
-42330.3 -2.47913
-34937.7 -2.37913
-29819.4 -2.30811
-22891.8 -2.20811
-16443.1 -2.10811
-10501.6 -2.00811
-5205.27 -1.90811
-756.577 -1.80811
1236.19 -1.75622
4553.44 -1.65622
7164.33 -1.55622
9386.61 -1.45622
9884.65 -1.43224
11864.6 -1.33224
13735.2 -1.23224
15496.2 -1.13224
17178.5 -1.03224
18719.4 -0.932241
19170.9 -0.901179
20478.7 -0.801179
21611 -0.701179
22588.2 -0.601179
23428.8 -0.501179
24177.9 -0.401179
24476.1 -0.357913
25106.6 -0.257913
25645.2 -0.157913
26129.7 -0.0579127
26567.8 0.0420873
26965.9 0.142087
27147.2 0.190866
27495.5 0.290866
27815.7 0.390866
28297.4 0.490866
29334.1 0.590866
30928.5 0.690866
31675.2 0.735707
33253.9 0.835707
34738.8 0.935707
36203.2 1.03571
37614 1.13571
39022.2 1.23571
39314.4 1.25582
40669 1.35582
41879 1.45582
42978.9 1.55582
43991 1.65582
44926.9 1.75582
45279.1 1.79559
46108 1.89559
46891.6 1.99559
47636.3 2.09559
48327.5 2.19559
48980.9 2.29559
49324.7 2.36913
42275.4 2.26913
35326.8 2.16913
28558.2 2.06913
25649.1 2.025
19295.3 1.925
13326.3 1.825
7824.82 1.725
2946.27 1.625
-609.315 1.525
-1801.65 1.48763
-4744.35 1.38763
-7421.54 1.28763
-9741.67 1.18763
-9880.18 1.18138
-11969.3 1.08138
-13904.6 0.981376
-15744.9 0.881376
-17464.3 0.781376
-18993 0.681376
-19559.6 0.644014
-20938 0.544014
-22079.4 0.444014
-23075.1 0.344014
-23947.7 0.244014
-24689.8 0.144014
-24938.5 0.107401
-25563.2 0.00740136
-26117.9 -0.0925986
-26613.5 -0.192599
-27058.8 -0.292599
-27620.1 -0.392599
-28018.1 -0.444881
-29264.9 -0.544881
-30765.4 -0.644881
-32310.5 -0.744881
-33786.2 -0.844881
-35133.6 -0.944881
-35587.7 -0.980707
-36807 -1.08071
-38007.9 -1.18071
-39156.6 -1.28071
-40393.5 -1.38071
-41517 -1.48071
-41870.9 -1.51413
-42860.8 -1.61413
-43770.2 -1.71413
-44625.1 -1.81413
-45436.5 -1.91413
-46212.7 -2.01413
-46436 -2.04366
-47165.5 -2.14366
-47852.8 -2.24366
-48504.6 -2.34366
-49132.4 -2.44366
-49682.4 -2.54366
-49778 -2.59877
-42251.4 -2.49877
-34860.7 -2.39877
-27694.9 -2.29877
-24632.9 -2.25468
-18069.8 -2.15468
-11982.6 -2.05468
-6531.69 -1.95468
-1868.82 -1.85468
1981.98 -1.75468
2849.89 -1.72913
5836.26 -1.62913
8227.24 -1.52913
10334.2 -1.42913
10625.7 -1.41456
12550 -1.31456
14376 -1.21456
16102.4 -1.11456
17725.9 -1.01456
19208.2 -0.914564
19792.4 -0.872872
19792.4 -0.872872
21003.4 -0.772872
22029 -0.672872
22898.6 -0.572872
23653.6 -0.472872
24332.1 -0.372872
24940.9 -0.272872
24960.4 -0.269488
25499.7 -0.169488
25974 -0.0694876
26405 0.0305124
26798.7 0.130512
27119.3 0.218779
27455.6 0.318779
27827.6 0.418779
28375.4 0.518779
29284 0.618779
30730.7 0.718779
32302.6 0.818779
32689.3 0.844132
34234.2 0.944132
35688 1.04413
37144.3 1.14413
38534.2 1.24413
39979.2 1.34413
41203.2 1.43771
42380.2 1.53771
43455.6 1.63771
44451.3 1.73771
45374.2 1.83771
46220.4 1.93771
46608.5 1.9857
47388.7 2.0857
48126.9 2.1857
48817.5 2.2857
49357.7 2.3857
49481.5 2.4857
49554.1 2.5857
49588.2 2.6272
42558 2.5272
35629.4 2.4272
28895.5 2.3272
22466.4 2.22771
16384.8 2.12771
10723.2 2.02771
5612.25 1.92771
1336.29 1.82771
-1890.97 1.72771
-4144 1.64988
-6809.98 1.54988
-9170.9 1.44988
-11255.3 1.34988
-13118.3 1.24988
-13307.8 1.23941
-15069.8 1.13941
-16731.7 1.03941
-18270 0.939407
-19632.5 0.839407
-20940.2 0.739407
-21384.9 0.701731
-22424.7 0.601731
-23332.2 0.501731
-24133.2 0.401731
-24827.1 0.301731
-25428.3 0.201731
-25964.7 0.101731
-25991.6 0.0964171
-26470.3 -0.00358287
-26902.6 -0.103583
-27295.1 -0.203583
-27653.4 -0.303583
-28223.5 -0.403583
-28723.3 -0.473582
-30029.7 -0.573582
-31399 -0.673582
-32825.6 -0.773582
-34198.7 -0.873582
-35474.3 -0.973582
-36650.8 -1.07358
-36653.6 -1.07382
-37813.8 -1.17382
-38919.3 -1.27382
-40111.7 -1.37382
-41232.5 -1.47382
-42261.8 -1.57382
-43169.9 -1.67011
-44038.8 -1.77011
-44859.2 -1.87011
-45640.7 -1.97011
-46390.2 -2.07011
-47108.8 -2.17011
-47675.4 -2.25228
-48327.6 -2.35228
-48949.9 -2.45228
-49550 -2.55228
-49826.5 -2.65228
-49927.1 -2.75228
-50006.3 -2.8431
-42503.5 -2.7431
-35135.5 -2.6431
-28001 -2.5431
-24875.6 -2.49783
-18386.5 -2.39783
-12375.2 -2.29783
-7000.02 -2.19783
-2337.07 -2.09783
1525.09 -1.99783
4731.45 -1.89783
4874.26 -1.89291
7411.93 -1.79291
9559.36 -1.69291
11478.2 -1.59291
13255.8 -1.49291
13794.9 -1.46118
15429 -1.36118
16998.8 -1.26118
18456.9 -1.16118
19791 -1.06118
20963 -0.961178
21276.5 -0.931415
22247.1 -0.831415
23088.1 -0.731415
23825.7 -0.631415
24484.7 -0.531415
25073.5 -0.431415
25534.2 -0.344133
26008.5 -0.244133
26429.8 -0.144133
26813.7 -0.0441332
27165.5 0.0558668
27489 0.155867
27757.2 0.245078
28037.5 0.345078
28259.7 0.395078
28502.5 0.445078
29129.3 0.545078
30374.6 0.645078
31753.3 0.745078
32671.9 0.811534
34021.2 0.911534
35288.1 1.01153
36455.2 1.11153
37634.1 1.21153
38762.9 1.31153
39939.7 1.41153
40255.2 1.43811
41378.4 1.53811
42393.3 1.63811
43328.2 1.73811
44203.6 1.83811
45031.1 1.93811
45766.1 2.03165
46511 2.13165
47204.2 2.23165
47865.6 2.33165
48500.5 2.43165
49099.2 2.53165
49496 2.62759
42468.2 2.52759
35543.1 2.42759
28812.8 2.32759
22416.4 2.2285
16345.7 2.1285
10699.2 2.0285
5607.27 1.9285
1336.84 1.8285
-1890.71 1.7285
-3918.12 1.65889
-6604.62 1.55889
-8993.8 1.45889
-11095.2 1.35889
-12966 1.25889
-14046 1.19846
-15760 1.09846
-17360 0.998462
-18840 0.898462
-20139.3 0.798462
-21351.1 0.70055
-22387.6 0.60055
-23290.5 0.50055
-24087.8 0.40055
-24787.1 0.30055
-25388.3 0.20055
-25902 0.105039
-26386 0.00503916
-26823.1 -0.0949608
-27219.9 -0.194961
-27631.8 -0.294961
-28228 -0.394961
-28811.6 -0.475157
-29999.6 -0.575157
-31296.5 -0.675157
-32544.7 -0.775157
-33798.8 -0.875157
-34997.9 -0.975157
-36084.7 -1.07516
-36182.5 -1.08441
-37163.4 -1.18441
-38162.6 -1.28441
-39119.9 -1.38441
-40156.7 -1.48441
-41176.2 -1.58441
-41924.2 -1.66303
-42820.3 -1.76303
-43662.6 -1.86303
-44437.3 -1.96303
-45177.4 -2.06303
-45889.1 -2.16303
-46576.6 -2.26303
-46580.8 -2.26366
-47247.4 -2.36366
-47893.1 -2.46366
-48511.4 -2.56366
-49100.1 -2.66366
-49658.6 -2.76366
-49912.1 -2.85055
-42410.8 -2.75055
-35043.8 -2.65055
-27905.9 -2.55055
-24229.9 -2.49704
-17786.3 -2.39704
-11834 -2.29704
-6512.03 -2.19704
-1950.68 -2.09704
1835.88 -1.99704
4990.53 -1.89704
5095.75 -1.8933
7590.9 -1.7933
9710.92 -1.6933
11614.1 -1.5933
13381.7 -1.4933
13805.5 -1.46826
15437.4 -1.36826
17005 -1.26826
18460.3 -1.16826
19789.6 -1.06826
20972.4 -0.968265
21447 -0.922754
21941.9 -0.872872
22827.7 -0.772872
23597.8 -0.672872
24279.9 -0.572872
24893 -0.472872
25442.1 -0.372872
25925.4 -0.272872
25940.9 -0.269488
26378.1 -0.169488
26767.7 -0.0694876
27125 0.0305124
27454.1 0.130512
27723.9 0.218779
28047.9 0.318779
28539.2 0.418779
29163.8 0.518779
30234 0.618779
31500 0.718779
32841.3 0.818779
33185.2 0.844132
34458.4 0.944132
35691.9 1.04413
36835.7 1.14413
37985.8 1.24413
39084.7 1.34413
40179.5 1.43771
41292.3 1.53771
42310.3 1.63771
43237.4 1.73771
44105.8 1.83771
44926.7 1.93771
45306.4 1.9857
46069 2.0857
46792.6 2.1857
47467.9 2.2857
48112.2 2.3857
48730.8 2.4857
49312 2.5857
49488.1 2.6272
42461.6 2.5272
35537.4 2.4272
28807.9 2.3272
22388.3 2.22771
16323.6 2.12771
10684.5 2.02771
5601.75 1.92771
1339.61 1.82771
-1884.75 1.72771
-4140.75 1.64988
-6806.48 1.54988
-9162.5 1.44988
-11243.4 1.34988
-13100.8 1.24988
-13289.3 1.23941
-15042.8 1.13941
-16690.5 1.03941
-18220.6 0.939407
-19590.2 0.839407
-20871.4 0.739407
-21318.3 0.701731
-22362 0.601731
-23267.6 0.501731
-24069.5 0.401731
-24771.8 0.301731
-25378.1 0.201731
-25916.3 0.101731
-25943.3 0.0964171
-26423.9 -0.00358287
-26858 -0.103583
-27252.2 -0.203583
-27710.9 -0.303583
-28327.5 -0.403583
-28850 -0.473582
-29965.6 -0.573582
-31218.8 -0.673582
-32408.8 -0.773582
-33640.2 -0.873582
-34816.1 -0.973582
-35901.4 -1.07358
-35903.9 -1.07382
-36926.4 -1.17382
-37896.6 -1.27382
-38860.4 -1.37382
-39850.6 -1.47382
-40879.1 -1.57382
-41796.1 -1.67011
-42686.4 -1.77011
-43526.4 -1.87011
-44310.1 -1.97011
-45045.6 -2.07011
-45752.3 -2.17011
-46314.5 -2.25228
-46979.6 -2.35228
-47626 -2.45228
-48251.9 -2.55228
-48851.4 -2.65228
-49426 -2.75228
-49878.7 -2.8431
-42378.5 -2.7431
-35012.2 -2.6431
-27873.6 -2.5431
-24748.5 -2.49783
-18267.6 -2.39783
-12270.7 -2.29783
-6910.21 -2.19783
-2282.02 -2.09783
1559.15 -1.99783
4756.02 -1.89783
4898.31 -1.89291
7430.21 -1.79291
9567.96 -1.69291
11482.5 -1.59291
13260.5 -1.49291
13799.5 -1.46118
14624.9 -1.41118
15433.5 -1.36118
17004.1 -1.26118
18461 -1.16118
19790.9 -1.06118
20976.9 -0.961178
21290.1 -0.931415
22268.9 -0.831415
23112.8 -0.731415
23850.6 -0.631415
24508.2 -0.531415
25098.1 -0.431415
25561.6 -0.344133
26033.9 -0.244133
26463.3 -0.144133
26847.4 -0.0441332
27199.8 0.0558668
27524.2 0.155867
27793.1 0.245078
28207 0.345078
28734 0.445078
29429.9 0.545078
30620.6 0.645078
31902.7 0.745078
32777.6 0.811534
34071.8 0.911534
35307.9 1.01153
36448.1 1.11153
37599.6 1.21153
38701.6 1.31153
39843.9 1.41153
40154.9 1.43811
41262.6 1.53811
42282.2 1.63811
43206.2 1.73811
44071.7 1.83811
44890 1.93811
45620.4 2.03165
46363.8 2.13165
47069.6 2.23165
47728.4 2.33165
48359.9 2.43165
48965.5 2.53165
49481.9 2.62759
42456.4 2.52759
35533.4 2.42759
28804.4 2.32759
22410 2.2285
16347.3 2.1285
10709.5 2.0285
5631.01 1.9285
1365.91 1.8285
-1859.11 1.7285
-3884.93 1.65889
-6570.02 1.55889
-8959.16 1.45889
-11057.4 1.35889
-12928.4 1.25889
-14008.3 1.19846
-15721.3 1.09846
-17320.9 0.998462
-18802.8 0.898462
-20108.8 0.798462
-21325.7 0.70055
-22369.1 0.60055
-23273.7 0.50055
-24075.5 0.40055
-24777.7 0.30055
-25384.5 0.20055
-25899.4 0.105039
-26384.6 0.00503916
-26822.6 -0.0949608
-27220.3 -0.194961
-27674.8 -0.294961
-28285.8 -0.394961
-28886.1 -0.475157
-29983.1 -0.575157
-31225.5 -0.675157
-32403.7 -0.775157
-33619.8 -0.875157
-34788 -0.975157
-35870.8 -1.07516
-35971.3 -1.08441
-36985.9 -1.18441
-37962.7 -1.28441
-38923.5 -1.38441
-39931.4 -1.48441
-40950.9 -1.58441
-41698.2 -1.66303
-42592.2 -1.76303
-43434.8 -1.86303
-44227.4 -1.96303
-44964.5 -2.06303
-45672.4 -2.16303
-46355.8 -2.26303
-46360 -2.26366
-47022.1 -2.36366
-47665.4 -2.46366
-48289.2 -2.56366
-48886.7 -2.66366
-49459.6 -2.76366
-49882.4 -2.85055
-42383.3 -2.75055
-35018.1 -2.65055
-27880.3 -2.55055
-24204.1 -2.49704
-17763.7 -2.39704
-11818.8 -2.29704
-6504.94 -2.19704
-1958.02 -2.09704
1817.68 -1.99704
4970.22 -1.89704
5075.56 -1.8933
7572.12 -1.7933
9689.18 -1.6933
11589.9 -1.5933
13358.4 -1.4933
13782.3 -1.46826
15413.9 -1.36826
16982.5 -1.26826
18438.1 -1.16826
19767.5 -1.06826
20957.3 -0.968265
21433.3 -0.922754
21433.3 -0.922754
22391.4 -0.822754
23192.3 -0.722754
23887.7 -0.622754
24506.4 -0.522754
25062.5 -0.422754
25561.9 -0.322754
25712.3 -0.289921
26144.7 -0.189921
26539.2 -0.0899207
26897 0.0100793
27228.1 0.110079
27535 0.210079
27732.6 0.278464
28136.5 0.378464
28642.7 0.478464
29306.4 0.578464
30410.3 0.678464
31642.4 0.778464
32945.3 0.878464
33637.5 0.931337
34885.2 1.03134
36069.3 1.13134
37220.6 1.23134
38365.4 1.33134
39508.3 1.43134
40693.4 1.53134
41237.4 1.58031
42282.5 1.68031
43228.6 1.78031
44115.4 1.88031
44954.8 1.98031
45755.9 2.08031
46517.4 2.18031
46877.6 2.22925
47574.1 2.32925
48239.7 2.42925
48882.5 2.52925
49477.9 2.62925
49581 2.72925
49646.1 2.82925
49684.7 2.89314
42678.8 2.79314
35790 2.69314
29097.7 2.59314
22681 2.49314
21742.2 2.47795
15805.2 2.37795
10350.8 2.27795
5398.92 2.17795
1238.22 2.07795
-1929.89 1.97795
-4728.28 1.87795
-5818.82 1.8361
-8270.12 1.7361
-10393.7 1.6361
-12248.3 1.5361
-13941.5 1.4361
-14183.3 1.42141
-15781.5 1.32141
-17284 1.22141
-18683 1.12141
-19962.8 1.02141
-21079.3 0.921414
-22133.1 0.821414
-22594 0.772479
-23429.8 0.672479
-24173.4 0.572479
-24834.9 0.472479
-25420.2 0.372479
-25928.8 0.272479
-26385.8 0.172479
-26567.6 0.129803
-26966.2 0.0298029
-27330.6 -0.0701971
-27665.4 -0.170197
-28002.5 -0.270197
-28524.9 -0.370197
-29222.5 -0.470197
-29635.6 -0.515983
-30825.5 -0.615983
-32001.4 -0.715983
-33149.1 -0.815983
-34301.9 -0.915983
-35402.2 -1.01598
-36431.7 -1.11598
-36928.1 -1.16689
-37867 -1.26689
-38813.8 -1.36689
-39767.1 -1.46689
-40789.1 -1.56689
-41734.8 -1.66689
-42618.5 -1.76689
-43006.3 -1.81271
-43821 -1.91271
-44577.6 -2.01271
-45294.6 -2.11271
-45985.1 -2.21271
-46653.3 -2.31271
-47301.9 -2.41271
-47597.8 -2.45929
-48219.6 -2.55929
-48816 -2.65929
-49386.4 -2.75929
-49903.7 -2.85929
-50013.2 -2.95929
-50096.4 -3.05929
-50152.3 -3.12397
-42676.8 -3.02397
-35339.2 -2.92397
-28230.5 -2.82397
-21534.4 -2.72397
-20644.8 -2.70999
-14550.5 -2.60999
-9049.95 -2.50999
-4110.85 -2.40999
-68.9455 -2.30999
3285.03 -2.20999
5226.49 -2.14488
7688.56 -2.04488
9746.75 -1.94488
11579.5 -1.84488
13267.1 -1.74488
14711.5 -1.65303
16178.5 -1.55303
17585.8 -1.45303
18899.6 -1.35303
20104.8 -1.25303
21206.1 -1.15303
22139.9 -1.05303
22262 -1.03905
23053.4 -0.939053
23753.3 -0.839053
24383.1 -0.739053
24945 -0.639053
25452 -0.539053
25902.2 -0.439053
26123 -0.386574
26516.7 -0.286574
26876 -0.186574
27201.7 -0.086574
27504 0.013426
27785.4 0.113426
28047.8 0.213426
28234.3 0.2887
28638.1 0.3887
29181.2 0.4887
29981.8 0.5887
31141.7 0.6887
32279.7 0.7887
33464.3 0.8887
34069.9 0.941573
35163.8 1.04157
36179.1 1.14157
37109.3 1.24157
38061.2 1.34157
38994.5 1.44157
39973.3 1.54157
40477.9 1.59051
41453.9 1.69051
42365.3 1.79051
43215.5 1.89051
44002.7 1.99051
44753.1 2.09051
45472.8 2.19051
45807.4 2.2383
46489.6 2.3383
47144.7 2.4383
47770.1 2.5383
48360 2.6383
48922.5 2.7383
49457.6 2.8383
49554.3 2.86645
42547.8 2.76645
35660.4 2.66645
28971.4 2.56645
22711 2.46889
16709.1 2.36889
11164.5 2.26889
6162.65 2.16889
1818.25 2.06889
-1454.36 1.96889
-4309.98 1.86889
-5235.76 1.83413
-7741.8 1.73413
-9948.77 1.63413
-11866.8 1.53413
-13582.9 1.43413
-13814.6 1.42023
-15433.9 1.32023
-16959.9 1.22023
-18381.9 1.12023
-19692.5 1.02023
-20820.3 0.920233
-21902.3 0.820233
-22436.5 0.764998
-23286.2 0.664998
-24042.8 0.564998
-24718.9 0.464998
-25317.2 0.364998
-25836.4 0.264998
-26303.1 0.164998
-26540.2 0.110157
-26941.2 0.0101573
-27307.7 -0.0898427
-27644.2 -0.189843
-28109.5 -0.289843
-28695.7 -0.389843
-29436.1 -0.489843
-29759.6 -0.523857
-30860.3 -0.623857
-31987.6 -0.723857
-33034.1 -0.823857
-34073.1 -0.923857
-35087.4 -1.02386
-36040.4 -1.12386
-36360.9 -1.16063
-37216.7 -1.26063
-38009.5 -1.36063
-38832.3 -1.46063
-39619.9 -1.56063
-40543 -1.66063
-41426.6 -1.76063
-41931.9 -1.82094
-42733.2 -1.92094
-43496.8 -2.02094
-44229.6 -2.12094
-44924.4 -2.22094
-45579.7 -2.32094
-46214.9 -2.42094
-46453.7 -2.45929
-47065.7 -2.55929
-47663 -2.65929
-48246.8 -2.75929
-48817.6 -2.85929
-49362.3 -2.95929
-49881.3 -3.05929
-50048.8 -3.12397
-42571.8 -3.02397
-35235.1 -2.92397
-28127.4 -2.82397
-21433.4 -2.72397
-20518.9 -2.7096
-14430.7 -2.6096
-8939.09 -2.5096
-4018.86 -2.4096
3.67216 -2.3096
3348.15 -2.2096
5318.03 -2.1433
7757.81 -2.0433
9808.12 -1.9433
11635.4 -1.8433
13320.8 -1.7433
14804.5 -1.6487
16266.6 -1.5487
17673.4 -1.4487
18981.8 -1.3487
20183.5 -1.2487
21283.7 -1.1487
22216.4 -1.0487
22507 -1.01472
22507 -1.01472
23277.2 -0.914722
23940.5 -0.814722
24532 -0.714722
25057.4 -0.614722
25531 -0.514722
25952.4 -0.414722
26338.8 -0.314722
26451.3 -0.284055
26800.4 -0.184055
27119 -0.0840545
27412.8 0.0159455
27687.5 0.115945
27945.2 0.215945
28188.1 0.315945
28206.8 0.320511
28668.2 0.420511
29220.6 0.520511
29964.3 0.620511
31041.3 0.720511
32119.3 0.820511
33241.2 0.920511
34351.7 1.02051
34476.5 1.03193
35511.4 1.13193
36522.9 1.23193
37469.4 1.33193
38418.4 1.43193
39352.8 1.53193
40410.2 1.63193
41403.6 1.73193
41422.4 1.73389
42351 1.83389
43224.3 1.93389
44027.5 2.03389
44794.2 2.13389
45531.1 2.23389
46242.9 2.33389
46932.5 2.43389
46958.8 2.43783
47619.3 2.53783
48247.2 2.63783
48843.3 2.73783
49419.7 2.83783
49576.6 2.88783
49630.3 2.93783
49700.6 3.03783
49756.9 3.1324
42769 3.0324
35915.7 2.9324
29247.9 2.8324
22865.9 2.7324
21032.1 2.70228
15212.6 2.60228
9942.84 2.50228
5112.57 2.40228
1080.27 2.30228
-658.372 2.24909
-3541.75 2.14909
-6137.98 2.04909
-8508.45 1.94909
-10579.4 1.84909
-12349.5 1.74909
-13953.2 1.64909
-15476.5 1.54909
-15528.9 1.54555
-16963.6 1.44555
-18306.6 1.34555
-19553.8 1.24555
-20689.4 1.14555
-21658.8 1.04555
-22582.9 0.945548
-23348.5 0.850668
-24064.8 0.750668
-24705.9 0.650668
-25277.4 0.550668
-25783.6 0.450668
-26240.4 0.350668
-26647.7 0.250668
-27020.5 0.150668
-27087.5 0.131771
-27424.9 0.0317714
-27735.8 -0.0682286
-28024.2 -0.168229
-28393.7 -0.268229
-28909.7 -0.368229
-29602.4 -0.468229
-30382.6 -0.555274
-31450.4 -0.655274
-32495.3 -0.755274
-33459.7 -0.855274
-34454.8 -0.955274
-35417.5 -1.05527
-36315.5 -1.15527
-37155.7 -1.25527
-37237.5 -1.26512
-38023.8 -1.36512
-38831.5 -1.46512
-39600.2 -1.56512
-40502.3 -1.66512
-41376.9 -1.76512
-42195.4 -1.86512
-42971.9 -1.96512
-43046.1 -1.97492
-43785.6 -2.07492
-44497.6 -2.17492
-45172.6 -2.27492
-45811.6 -2.37492
-46432.5 -2.47492
-47037.4 -2.57492
-47627.9 -2.67492
-47655.7 -2.67968
-48232.4 -2.77968
-48796.4 -2.87968
-49341.5 -2.97968
-49860.5 -3.07968
-50107.7 -3.17968
-50191.8 -3.27968
-50270.9 -3.37968
-50282.2 -3.39468
-42827.3 -3.29468
-35512.2 -3.19468
-28427.9 -3.09468
-21766.8 -2.99468
-18652.3 -2.94492
-12817.8 -2.84492
-7583.2 -2.74492
-2960.97 -2.64492
837.41 -2.54492
3996.55 -2.44492
4498.86 -2.42759
7108.15 -2.32759
9226.77 -2.22759
11073.1 -2.12759
12736.7 -2.02759
14275.2 -1.92759
15700.2 -1.82759
16022.8 -1.80389
17324.5 -1.70389
18571.9 -1.60389
19733.7 -1.50389
20800.5 -1.40389
21783.6 -1.30389
22616.6 -1.20389
23315 -1.10661
23951.7 -1.00661
24527.5 -0.906612
25050.8 -0.806612
25519.9 -0.706612
25939.7 -0.606612
26324.6 -0.506612
26680.5 -0.406612
26793.3 -0.373228
27115.5 -0.273228
27407.7 -0.173228
27679.3 -0.0732276
27934 0.0267724
28173.5 0.126772
28399.3 0.226772
28652.6 0.326772
28666.6 0.329921
29120.2 0.429921
29774.1 0.529921
30697.7 0.629921
31751 0.729921
32752 0.829921
33735.5 0.929921
34718.9 1.02992
34746.7 1.03271
35683.8 1.13271
36529.5 1.23271
37354.1 1.33271
38135 1.43271
38934.1 1.53271
39330.7 1.58271
39716.5 1.63271
40495.5 1.71622
41374 1.81622
42203.1 1.91622
42991.6 2.01622
43745 2.11622
44444.2 2.21622
45115.9 2.31622
45765.8 2.41622
45961.2 2.44688
46586.4 2.54688
47194.8 2.64688
47785.3 2.74688
48349.9 2.84688
48887.7 2.94688
49394.9 3.04688
49676.2 3.14688
49689.9 3.15948
42704.5 3.05948
35853.9 2.95948
29189.1 2.85948
22811.2 2.75948
19209.7 2.69952
13524 2.59952
8443.71 2.49952
3760.78 2.39952
65.5178 2.29952
-1745.47 2.24003
-4514.06 2.14003
-7022.04 2.04003
-9300.63 1.94003
-11254.2 1.84003
-12939 1.74003
-14502.9 1.64003
-15984.1 1.54003
-16074.5 1.53374
-17463.9 1.43374
-18760.9 1.33374
-19963.6 1.23374
-21042.5 1.13374
-21977.3 1.03374
-22853.8 0.933737
-23576.6 0.83925
-24261.5 0.73925
-24876 0.63925
-25425.4 0.53925
-25911.2 0.43925
-26351.4 0.33925
-26747.8 0.23925
-27064.4 0.152204
-27401.1 0.0522044
-27712.4 -0.0477956
-28001 -0.147796
-28399.5 -0.247796
-28924.2 -0.347796
-29602.7 -0.447796
-30439.2 -0.547796
-30541.5 -0.55803
-31499.8 -0.65803
-32500.3 -0.75803
-33422.4 -0.85803
-34264.9 -0.95803
-35132.9 -1.05803
-35979.9 -1.15803
-36764.7 -1.25803
-37467.3 -1.35803
-38159.8 -1.45803
-38890.1 -1.55803
-39564.6 -1.65803
-40301.3 -1.75803
-41121.3 -1.85803
-41897.4 -1.95803
-42085.2 -1.98319
-42809.2 -2.08319
-43504.9 -2.18319
-44177 -2.28319
-44829.3 -2.38319
-45459.3 -2.48319
-46054.8 -2.58319
-46558.1 -2.67023
-47124.1 -2.77023
-47677.9 -2.87023
-48220.7 -2.97023
-48753.2 -3.07023
-49275.2 -3.17023
-49775.8 -3.27023
-50169 -3.37023
-50199.2 -3.39389
-42745.1 -3.29389
-35430.9 -3.19389
-28347.2 -3.09389
-21688.6 -2.99389
-19157 -2.95358
-13273.6 -2.85358
-7990.03 -2.75358
-3301.66 -2.65358
547.592 -2.55358
3748.52 -2.45358
4449.98 -2.42956
7066.5 -2.32956
9191.32 -2.22956
11041.9 -2.12956
12708.2 -2.02956
14250.3 -1.92956
15678.4 -1.82956
16028.3 -1.80389
17330.3 -1.70389
18579.2 -1.60389
19737.7 -1.50389
20804.1 -1.40389
21788.9 -1.30389
22629.4 -1.20389
23352.9 -1.10389
23572.2 -1.07086
23572.2 -1.07086
27161.7 -0.970864
28461.5 -0.870864
28985.5 -0.770864
29318.5 -0.670864
29566.5 -0.570864
29769.1 -0.470864
29946.9 -0.370864
30056.9 -0.303306
30209.5 -0.203306
30351.8 -0.103306
30482.4 -0.00330648
30608.6 0.0966935
30736.3 0.196694
30876.8 0.296694
31048.9 0.381417
31461.3 0.481417
32293.7 0.581417
33169.9 0.681417
34028.1 0.781417
34821.2 0.881417
35644.7 0.981417
36476.8 1.08142
36673.6 1.10539
37450.4 1.20539
38178 1.30539
38876.7 1.40539
39580.6 1.50539
40260.8 1.60539
41007.2 1.70539
41836.3 1.80539
42501 1.88984
43253.6 1.98984
43975 2.08984
44668.1 2.18984
45314.2 2.28984
45939.5 2.38984
46548.3 2.48984
47142.3 2.58984
47372.3 2.62917
47947.9 2.72917
48508.7 2.82917
49044.8 2.92917
49560.4 3.02917
49990.3 3.12917
50210.6 3.22917
50276.1 3.32917
50315.1 3.4046
43391.6 3.3046
36583.9 3.2046
29948.8 3.1046
23594.7 3.0046
18719.3 2.92263
13252.9 2.82263
8268.39 2.72263
3706.14 2.62263
126.15 2.52263
-2824.95 2.42263
-5427.45 2.32263
-7772.64 2.22263
-9024.72 2.16527
-11016.2 2.06527
-12655.3 1.96527
-14144.2 1.86527
-15552.9 1.76527
-16888.1 1.66527
-17907.4 1.58468
-19098.1 1.48468
-20206.4 1.38468
-21215.8 1.28468
-22083.1 1.18468
-22844.3 1.08468
-23561.1 0.984682
-24111.6 0.900904
-24706.3 0.800904
-25244.6 0.700904
-25727.5 0.600904
-26162.5 0.500904
-26561.3 0.400904
-26919 0.300904
-27248.8 0.200904
-27429.1 0.143149
-27723.8 0.0431493
-27998.6 -0.0568507
-28254.6 -0.156851
-28633.4 -0.256851
-29115.5 -0.356851
-29753 -0.456851
-30518.3 -0.556851
-30976 -0.607125
-31888.2 -0.707125
-32822.6 -0.807125
-33685.2 -0.907125
-34486.6 -1.00712
-35326.6 -1.10712
-36148.6 -1.20712
-36904.3 -1.30712
-37423 -1.38059
-38123.8 -1.48059
-38853.8 -1.58059
-39526.7 -1.68059
-40281.3 -1.78059
-41095.6 -1.88059
-41866.4 -1.98059
-42595.2 -2.08059
-42913.7 -2.12578
-43599.4 -2.22578
-44262.3 -2.32578
-44906 -2.42578
-45529.6 -2.52578
-46120.5 -2.62578
-46690.8 -2.72578
-47248.5 -2.82578
-47533.3 -2.87767
-48073.8 -2.97767
-48603.8 -3.07767
-49123.5 -3.17767
-49631.9 -3.27767
-50111.6 -3.37767
-50240.1 -3.47767
-50311.3 -3.57767
-50365.6 -3.65232
-42933.6 -3.55232
-35643.8 -3.45232
-28584.8 -3.35232
-21955.6 -3.25232
-17665.1 -3.18291
-11993.4 -3.08291
-6928.02 -2.98291
-2492.2 -2.88291
1190.48 -2.78291
4225.44 -2.68291
6868.26 -2.58291
9023.71 -2.48291
10249.2 -2.41814
11956.7 -2.31814
13496.2 -2.21814
14909.6 -2.11814
16221.7 -2.01814
17435.3 -1.91814
17848.6 -1.88232
18963.3 -1.78232
20020.6 -1.68232
20997.3 -1.58232
21902.6 -1.48232
22709 -1.38232
23393.5 -1.28232
23988.9 -1.18232
24300.6 -1.12508
24810.1 -1.02508
25273.9 -0.925076
25695.2 -0.825076
26072.6 -0.725076
26423.9 -0.625076
26751.1 -0.525076
27056.5 -0.425076
27203.7 -0.374409
27474 -0.274409
27728.3 -0.174409
27967.8 -0.0744087
28194.4 0.0255913
28408.7 0.125591
28616.9 0.225591
28871 0.325591
28996.9 0.354684
29485.8 0.454684
30184.1 0.554684
31013.2 0.654684
31928.4 0.754684
32838.7 0.854684
33683.1 0.954684
34523.9 1.05468
35191.4 1.13405
36022.4 1.23405
36774.7 1.33405
37497.5 1.43405
38171.7 1.53405
38879.3 1.63405
39561 1.73405
40333.6 1.83405
40803.7 1.89102
41589.1 1.99102
42337.7 2.09102
43055.5 2.19102
43747.8 2.29102
44415.4 2.39102
45040.9 2.49102
45645.8 2.59102
45983.6 2.64803
46564.7 2.74803
47132.1 2.84803
47686.5 2.94803
48228.2 3.04803
48750.9 3.14803
49244.7 3.24803
49699.4 3.34803
49770.9 3.41444
42843.3 3.31444
36039.8 3.21444
29413 3.11444
23071.9 3.01444
17195.6 2.91476
11884.1 2.81476
6996.39 2.71476
2625.61 2.61476
-767.479 2.51476
-3595.52 2.41476
-6132.48 2.31476
-8422.26 2.21476
-9283.74 2.17468
-11242.1 2.07468
-12854 1.97468
-14334.9 1.87468
-15734.9 1.77468
-17058.9 1.67468
-17413.4 1.64685
-18634.3 1.54685
-19773.6 1.44685
-20832.2 1.34685
-21777.6 1.24685
-22589.3 1.14685
-23314.4 1.04685
-23992.1 0.946847
-24283.4 0.90051
-24862.1 0.80051
-25382.7 0.70051
-25853.3 0.60051
-26276.8 0.50051
-26665.6 0.40051
-27021.8 0.30051
-27344.6 0.20051
-27548.3 0.133346
-27835.4 0.0333462
-28103.6 -0.0666538
-28386.6 -0.166654
-28847 -0.266654
-29410 -0.366654
-30087.9 -0.466654
-30889 -0.566654
-31248.9 -0.607125
-32105.3 -0.707125
-32944.2 -0.807125
-33769.5 -0.907125
-34521.2 -1.00712
-35239.4 -1.10712
-35962.1 -1.20712
-36685.7 -1.30712
-37062.7 -1.36291
-37681.5 -1.46291
-38278.3 -1.56291
-38935 -1.66291
-39567.9 -1.76291
-40178 -1.86291
-40915.6 -1.96291
-41641.9 -2.06291
-42087.7 -2.12657
-42766.1 -2.22657
-43414.9 -2.32657
-44042.4 -2.42657
-44653.4 -2.52657
-45250.2 -2.62657
-45834.6 -2.72657
-46394.9 -2.82657
-46692.7 -2.88161
-47221.7 -2.98161
-47740.7 -3.08161
-48250 -3.18161
-48750.6 -3.28161
-49242.6 -3.38161
-49722 -3.48161
-50173.7 -3.58161
-50307.3 -3.65271
-42875.8 -3.55271
-35586 -3.45271
-28526.7 -3.35271
-21899.1 -3.25271
-16026.9 -3.15621
-10529.6 -3.05621
-5611.69 -2.95621
-1405.8 -2.85621
2084.12 -2.75621
5002.21 -2.65621
7513.4 -2.55621
9569.78 -2.45621
10274.8 -2.41814
11979.9 -2.31814
13516.7 -2.21814
14932.8 -2.11814
16241.2 -2.01814
17452.5 -1.91814
18326.3 -1.8411
19424.2 -1.7411
20445 -1.6411
21389 -1.5411
22264.9 -1.4411
23020 -1.3411
23671.3 -1.2411
24119.6 -1.16319
24119.6 -1.16319
24647.1 -1.06319
25120.6 -0.963187
25548.3 -0.863187
25935 -0.763187
26284.5 -0.663187
26607.8 -0.563187
26910.8 -0.463187
27194.7 -0.363187
27368.1 -0.298188
27615.5 -0.198188
27848.7 -0.0981884
28069.5 0.00181162
28279.1 0.101812
28498.9 0.201812
28739.7 0.301812
29147.1 0.401812
29277 0.431692
29843.4 0.531692
30536.9 0.631692
31312.8 0.731692
32147.1 0.831692
32989 0.931692
33775.2 1.03169
34556.1 1.13169
35359.1 1.23169
35406.1 1.2374
36191.8 1.3374
36912.5 1.4374
37624.5 1.5374
38298.1 1.6374
39000.8 1.7374
39669.5 1.8374
40496.4 1.9374
41300.7 2.0374
41463.4 2.05838
42217.9 2.15838
42942.9 2.25838
43643.1 2.35838
44322.9 2.45838
44971.4 2.55838
45586.9 2.65838
46187.5 2.75838
46774.9 2.85838
46846.9 2.87078
47420.5 2.97078
47983.1 3.07078
48535.1 3.17078
49065.6 3.27078
49573.4 3.37078
49793.2 3.47078
49880 3.57078
49950.3 3.67078
49962 3.69334
43051.4 3.59334
36257.4 3.49334
29641 3.39334
23316.2 3.29334
17445.5 3.19334
15571.3 3.15952
10470.6 3.05952
5770.74 2.95952
1685.4 2.85952
-1535.42 2.75952
-4241.65 2.65952
-6659.11 2.55952
-8854.04 2.45952
-10813 2.36173
-12494.8 2.26173
-13946.6 2.16173
-15308.2 2.06173
-16595.2 1.96173
-17808.2 1.86173
-18721 1.782
-19795.6 1.682
-20794.7 1.582
-21723.6 1.482
-22534 1.382
-23233.4 1.282
-23866.8 1.182
-24460.9 1.082
-25001.7 0.982004
-25178.3 0.946494
-25644.9 0.846494
-26066 0.746494
-26452.3 0.646494
-26809.5 0.546494
-27140.1 0.446494
-27441 0.346494
-27719.6 0.246494
-27981 0.146494
-27995.5 0.140787
-28241 0.0407871
-28472.4 -0.0592129
-28692.3 -0.159213
-29098.7 -0.259213
-29634.7 -0.359213
-30332.7 -0.459213
-31082.3 -0.559213
-31905.7 -0.659213
-31913.7 -0.660196
-32693.9 -0.760196
-33484.9 -0.860196
-34232.8 -0.960196
-34918.9 -1.0602
-35614.4 -1.1602
-36298 -1.2602
-36979.4 -1.3602
-37608.6 -1.4602
-37665.8 -1.4698
-38258.8 -1.5698
-38910.9 -1.6698
-39532.1 -1.7698
-40141.4 -1.8698
-40858.9 -1.9698
-41575.8 -2.0698
-42262.8 -2.1698
-42924.6 -2.2698
-43020.1 -2.28452
-43651.2 -2.38452
-44263.7 -2.48452
-44861.3 -2.58452
-45445.9 -2.68452
-46019.1 -2.78452
-46568.9 -2.88452
-47098.3 -2.98452
-47613.6 -3.08452
-47712.6 -3.10393
-48217.1 -3.20393
-48713 -3.30393
-49200.1 -3.40393
-49678.4 -3.50393
-50139.6 -3.60393
-50342.5 -3.70393
-50417.1 -3.80393
-50485.5 -3.90393
-50494.7 -3.91791
-43080.6 -3.81791
-35810.4 -3.71791
-28771.3 -3.61791
-22169.6 -3.51791
-16133.8 -3.41791
-14814.5 -3.39468
-9514.54 -3.29468
-4799.79 -3.19468
-736.272 -3.09468
2559.21 -2.99468
5368.05 -2.89468
7812.08 -2.79468
9814.8 -2.69468
10311.2 -2.66732
11986.4 -2.56732
13487.5 -2.46732
14855.5 -2.36732
16121.1 -2.26732
17291.6 -2.16732
18377.1 -2.06732
18915.9 -2.01484
19904.5 -1.91484
20840.2 -1.81484
21707.8 -1.71484
22515.6 -1.61484
23224.6 -1.51484
23832.4 -1.41484
24356 -1.31484
24807 -1.2209
25248.3 -1.1209
25652.8 -1.0209
26017.3 -0.920903
26352.7 -0.820903
26666.1 -0.720903
26962.6 -0.620903
27241.5 -0.520903
27499 -0.420903
27617.7 -0.372401
27852.5 -0.272401
28075.4 -0.172401
28286.4 -0.0724008
28486 0.0275992
28690 0.127599
28928.3 0.227599
29231.5 0.327599
29695.3 0.427599
29761.3 0.439172
30439.5 0.539172
31168.7 0.639172
31970.3 0.739172
32753.3 0.839172
33547.3 0.939172
34272.5 1.03917
34954.3 1.13917
35663.4 1.23917
35699.5 1.24449
36400.7 1.34449
37062.4 1.44449
37651.9 1.54449
38252.8 1.64449
38884.1 1.74449
39492.6 1.84449
40077.9 1.94449
40822.1 2.04449
40906.8 2.05606
41620.9 2.15606
42303.7 2.25606
42958.6 2.35606
43593.4 2.45606
44211 2.55606
44813.6 2.65606
45395.3 2.75606
45948.1 2.85606
46110.7 2.8861
46644.5 2.9861
47166.8 3.0861
47678.6 3.1861
48179.7 3.2861
48670.1 3.3861
49146 3.4861
49593.1 3.5861
49879.3 3.6861
49901 3.7083
42991.3 3.6083
36199.2 3.5083
29585.1 3.4083
23265.5 3.3083
17400.8 3.2083
14975.3 3.16385
9920.96 3.06385
5274.24 2.96385
1300.03 2.86385
-1858.66 2.76385
-4528.47 2.66385
-6921.88 2.56385
-9096.29 2.46385
-10429 2.39791
-12199.1 2.29791
-13678.3 2.19791
-15052.2 2.09791
-16348.7 1.99791
-17571.4 1.89791
-18716.7 1.79791
-19071 1.76551
-20115.3 1.66551
-21087.5 1.56551
-21990.4 1.46551
-22763.1 1.36551
-23439.9 1.26551
-24047.9 1.16551
-24622.1 1.06551
-25144 0.965508
-25190.6 0.955904
-25652.7 0.855904
-26069.5 0.755904
-26453.2 0.655904
-26807.8 0.555904
-27137 0.455904
-27438.6 0.355904
-27716.1 0.255904
-27976 0.155904
-28025.8 0.136063
-28268.2 0.0360627
-28497.8 -0.0639373
-28819.5 -0.163937
-29266.5 -0.263937
-29855.1 -0.363937
-30534.9 -0.463937
-31241.4 -0.563937
-32019.4 -0.663937
-32173.5 -0.683778
-32914.4 -0.783778
-33609.1 -0.883778
-34320.3 -0.983778
-34973.7 -1.08378
-35576.2 -1.18378
-36208.1 -1.28378
-36816.9 -1.38378
-37412.5 -1.48378
-37418.1 -1.48472
-37963.4 -1.58472
-38457.5 -1.68472
-39072.9 -1.78472
-39643.1 -1.88472
-40208.9 -1.98472
-40834.5 -2.08472
-41503.2 -2.18472
-42150.3 -2.28472
-42271.1 -2.30377
-42893.3 -2.40377
-43498.2 -2.50377
-44085.8 -2.60377
-44655.9 -2.70377
-45213.4 -2.80377
-45760.8 -2.90377
-46299.1 -3.00377
-46820.8 -3.10377
-46950.3 -3.12909
-47454.2 -3.22909
-47939.5 -3.32909
-48416.4 -3.42909
-48885.7 -3.52909
-49347.5 -3.62909
-49799.3 -3.72909
-50234.5 -3.82909
-50423.1 -3.92657
-43009.5 -3.82657
-35740 -3.72657
-28701.1 -3.62657
-22102.6 -3.52657
-16071.3 -3.42657
-14553 -3.3998
-9284.64 -3.2998
-4599.4 -3.1998
-570.891 -3.0998
2690.98 -2.9998
5487.55 -2.8998
7912.27 -2.7998
9899.52 -2.6998
11553.9 -2.60397
13094.9 -2.50397
14493.6 -2.40397
15786.3 -2.30397
16981 -2.20397
18087.7 -2.10397
19116.4 -2.00397
19634.1 -1.95145
20588.9 -1.85145
21473 -1.75145
22294.8 -1.65145
23051.4 -1.55145
23683.8 -1.45145
24234.9 -1.35145
24723.7 -1.25145
25041.2 -1.18201
25041.2 -1.18201
25465 -1.08201
25848.4 -0.982006
26190.4 -0.882006
26509.2 -0.782006
26807.3 -0.682006
27086.1 -0.582006
27347.1 -0.482006
27586.3 -0.382006
27811.5 -0.282006
27822.1 -0.277165
28033.7 -0.177165
28234.2 -0.0771648
28434.2 0.0228352
28658.2 0.122835
28895.7 0.222835
29186.1 0.322835
29608.4 0.422835
29806.7 0.462598
30395 0.562598
31047.6 0.662598
31750.9 0.762598
32458.2 0.862598
33191.7 0.962598
33906.6 1.0626
34564 1.1626
35225.7 1.2626
35879 1.36063
36564.1 1.46063
37201.5 1.56063
37796.5 1.66063
38407 1.76063
39049.8 1.86063
39640 1.96063
40320.1 2.06063
41062.5 2.16063
41602.7 2.23622
42293.3 2.33622
42954.6 2.43622
43596.9 2.53622
44223 2.63622
44835.1 2.73622
45431.5 2.83622
46001.3 2.93622
46550 3.03622
46805.6 3.08346
47339.6 3.18346
47864.2 3.28346
48379.5 3.38346
48885.9 3.48346
49379.9 3.58346
49838 3.68346
49933.1 3.78346
49980.8 3.88346
50026.9 3.98346
50034.3 3.9996
43150.8 3.8996
36377.9 3.7996
29782.7 3.6996
23482.5 3.5996
17639.6 3.4996
12988.1 3.41102
8146.55 3.31102
3711.57 3.21102
145.045 3.11102
-2805.39 3.01102
-5320.89 2.91102
-7595.84 2.81102
-9664.68 2.71102
-11552.3 2.61102
-12527.8 2.55039
-13928.6 2.45039
-15225.8 2.35039
-16445.3 2.25039
-17594.4 2.15039
-18674.6 2.05039
-19686.4 1.95039
-19866.2 1.93189
-20799.9 1.83189
-21671.1 1.73189
-22484.3 1.63189
-23180.7 1.53189
-23789.8 1.43189
-24324.1 1.33189
-24824.3 1.23189
-25304.4 1.13189
-25660.6 1.05039
-26058.8 0.950392
-26421.3 0.850392
-26757.9 0.750392
-27075.1 0.650392
-27371.6 0.550392
-27643.2 0.450392
-27898.4 0.350392
-28138.9 0.250392
-28319 0.171653
-28536.7 0.0716532
-28744.4 -0.0283468
-28980.7 -0.128347
-29383.1 -0.228347
-29914.3 -0.328347
-30574.5 -0.428347
-31221.4 -0.528347
-31921.5 -0.628347
-32325.5 -0.682676
-33034.3 -0.782676
-33689 -0.882676
-34353 -0.982676
-34979.2 -1.08268
-35558.7 -1.18268
-36159.2 -1.28268
-36747.2 -1.38268
-37321.3 -1.48268
-37785 -1.56574
-38307.3 -1.66574
-38867.9 -1.76574
-39465.5 -1.86574
-40013.9 -1.96574
-40628.4 -2.06574
-41269.6 -2.16574
-41915.4 -2.26574
-42539.2 -2.36574
-42841.6 -2.41535
-43439.1 -2.51535
-44022.2 -2.61535
-44586.2 -2.71535
-45137.3 -2.81535
-45678.4 -2.91535
-46210.6 -3.01535
-46734.3 -3.11535
-47237.2 -3.21535
-47651.1 -3.29881
-48128 -3.39881
-48596.6 -3.49881
-49057.9 -3.59881
-49511.6 -3.69881
-49957.3 -3.79881
-50364.1 -3.89881
-50489.8 -3.99881
-50571 -4.09881
-50631.4 -4.17676
-43234.2 -4.07676
-35982.7 -3.97676
-28961.8 -3.87676
-22384.9 -3.77676
-16384.8 -3.67676
-11152.7 -3.58031
-6315.99 -3.48031
-2055.27 -3.38031
1436.23 -3.28031
4342.32 -3.18031
6906.75 -3.08031
9073.15 -2.98031
10883.1 -2.88031
11496.5 -2.84291
13010.9 -2.74291
14377 -2.64291
15630.4 -2.54291
16788.4 -2.44291
17858.6 -2.34291
18851.4 -2.24291
19775.7 -2.14291
20081.1 -2.10826
20944.1 -2.00826
21754.6 -1.90826
22510.5 -1.80826
23211.9 -1.70826
23804.6 -1.60826
24323.5 -1.50826
24777.8 -1.40826
25200 -1.30826
25495.2 -1.23267
25861.3 -1.13267
26190.8 -1.03267
26499 -0.932675
26788.8 -0.832675
27062.1 -0.732675
27320.6 -0.632675
27558.3 -0.532675
27781.9 -0.432675
27945.3 -0.356299
28150.7 -0.256299
28348.8 -0.156299
28539.6 -0.0562985
28748.6 0.0437015
28977.4 0.143701
29219.2 0.243701
29586.7 0.343701
30060.1 0.443701
30207.2 0.470865
30853.6 0.570865
31515.2 0.670865
32226.3 0.770865
32911 0.870865
33570.1 0.970865
34247.3 1.07087
34864.3 1.17087
35437.5 1.27087
36056.4 1.37087
36098.2 1.37795
36693.7 1.47795
37272.2 1.57795
37806.5 1.67795
38303.5 1.77795
38896.8 1.87795
39459.3 1.97795
39998 2.07795
40601.7 2.17795
41105.2 2.25315
41754 2.35315
42381.1 2.45315
42988.9 2.55315
43573.8 2.65315
44145 2.75315
44704.1 2.85315
45252.4 2.95315
45790.1 3.05315
46032.9 3.09999
46542.2 3.19999
47031.4 3.29999
47511.5 3.39999
47982.2 3.49999
48444.1 3.59999
48896.3 3.69999
49334.9 3.79999
49749.5 3.89999
49972 3.99999
49985.4 4.01535
43104.1 3.91535
36333.7 3.81535
29738.5 3.71535
23441.6 3.61535
17604.4 3.51535
12384.3 3.41535
7602.96 3.31535
3245.6 3.21535
-227.619 3.11535
-3115.76 3.01535
-5604.1 2.91535
-7855.79 2.81535
-9903.37 2.71535
-11764.9 2.61535
-12356.7 2.57913
-13781.1 2.47913
-15085 2.37913
-16307.4 2.27913
-17459.3 2.17913
-18542.5 2.07913
-19557.7 1.97913
-19999.1 1.93346
-20919.1 1.83346
-21777.6 1.73346
-22578.5 1.63346
-23265.4 1.53346
-23871.4 1.43346
-24398.2 1.33346
-24880.2 1.23346
-25354.2 1.13346
-25708.9 1.05079
-26102.6 0.950785
-26459.9 0.850785
-26792.7 0.750785
-27105.4 0.650785
-27400.1 0.550785
-27669.5 0.450785
-27921.9 0.350785
-28160 0.250785
-28350.7 0.166535
-28568.3 0.0665351
-28807.3 -0.0334649
-29129.2 -0.133465
-29574.9 -0.233465
-30113.1 -0.333465
-30763.6 -0.433465
-31378.6 -0.533465
-32023.3 -0.633465
-32459.5 -0.698424
-33138.7 -0.798424
-33766.5 -0.898424
-34350.7 -0.998424
-34957.8 -1.09842
-35518.3 -1.19842
-36040.7 -1.29842
-36590.3 -1.39842
-37131.2 -1.49842
-37467.7 -1.5622
-37969.5 -1.6622
-38436.9 -1.7622
-38930.7 -1.8622
-39501.9 -1.9622
-40022.6 -2.0622
-40578.6 -2.1622
-41165.9 -2.2622
-41771.1 -2.3622
-42211.6 -2.43582
-42795 -2.53582
-43363.8 -2.63582
-43920 -2.73582
-44465.3 -2.83582
-44997 -2.93582
-45517.5 -3.03582
-46029 -3.13582
-46532.8 -3.23582
-46932.5 -3.31614
-47414.8 -3.41614
-47887.1 -3.51614
-48349.6 -3.61614
-48796.3 -3.71614
-49236 -3.81614
-49669.4 -3.91614
-50091.4 -4.01614
-50480.1 -4.11614
-50605.7 -4.21495
-43210.2 -4.11495
-35960.3 -4.01495
-28940.8 -3.91495
-22368 -3.81495
-16373.2 -3.71495
-10966.1 -3.61495
-9977.57 -3.59527
-5288.85 -3.49527
-1186.28 -3.39527
2137.87 -3.29527
4950.92 -3.19527
7443.5 -3.09527
9506.2 -2.99527
11251 -2.89527
12788.8 -2.79527
13480.9 -2.74645
14802.6 -2.64645
16018.6 -2.54645
17142 -2.44645
18181 -2.34645
19146.2 -2.24645
20045 -2.14645
20866.9 -2.05039
21677.1 -1.95039
22432.3 -1.85039
23136.4 -1.75039
23752.3 -1.65039
24286.4 -1.55039
24747.2 -1.45039
25173.3 -1.35039
25500.1 -1.26811
25866.5 -1.16811
26197.2 -1.06811
26504.6 -0.968108
26793.5 -0.868108
27066 -0.768108
27323.7 -0.668108
27562.6 -0.568108
27785.8 -0.468108
27929.5 -0.401343
