13.5184 0.1
13.5808 0.100614
18.6769 0.154204
17.8557 0.145921
20.2796 0.172252
20.5163 0.174992
16.1838 0.131071
8.80968 0.064866
3.96613 0.0317165
-2.86357 -0.0103937
-11.9546 -0.071055
-15.3125 -0.100614
-20.6988 -0.154204
-19.8011 -0.145921
-22.1157 -0.172252
-22.2959 -0.174992
-19.9723 -0.153031
-17.5951 -0.131071
-9.75616 -0.064866
-4.8095 -0.0317165
1.52774 0.0103937
9.71225 0.071055
12.0523 0.0914801
15.2646 0.121764
18.1484 0.150645
19.2843 0.162189
19.9953 0.16948
16.7834 0.136866
9.98859 0.0733699
2.21179 0.0155118
-2.29702 -0.0155905
-10.7774 -0.0726298
-13.1065 -0.0914801
-16.5775 -0.121764
-19.7183 -0.150645
-20.9465 -0.162189
-21.7175 -0.16948
-18.2285 -0.136866
-10.8734 -0.0733699
-2.28519 -0.0155118
2.22344 0.0155905
9.90039 0.0726298
3.51406 0.0243937
5.96757 0.0417794
7.4418 0.0527873
8.401 0.0603306
17.2635 0.141685
22.9879 0.207338
29.3393 0.307338
29.439 0.308692
25.5876 0.263275
19.2558 0.190063
9.88757 0.0900626
9.68216 0.0880943
-2.13684 -0.0119057
-3.95447 -0.0243937
-6.6001 -0.0417794
-8.18154 -0.0527873
-9.21629 -0.0603306
-18.7601 -0.141685
-24.5399 -0.207338
-31.5524 -0.307338
-31.6504 -0.308692
-27.4944 -0.263275
-20.6484 -0.190063
-10.5631 -0.0900626
-10.3439 -0.0880943
-1.64876 -0.0158267
4.92966 0.0441416
6.5787 0.0586141
8.68951 0.0780943
15.4314 0.147181
21.7746 0.218803
28.7855 0.300976
25.884 0.266724
17.2958 0.167905
10.4062 0.0946927
1.77813 0.0158267
-5.10094 -0.0441416
-6.881 -0.0586141
-9.20999 -0.0780943
-16.5047 -0.147181
-23.3644 -0.218803
-30.9481 -0.300976
-27.8122 -0.266724
-18.521 -0.167905
-11.0762 -0.0946927
-6.06819 -0.0521259
-4.00921 -0.0351495
0.646556 0.0055433
1.28286 0.011433
12.0649 0.111433
12.8998 0.120141
21.8913 0.220141
23.6029 0.24
31.7191 0.34
34.8119 0.383936
41.5304 0.483936
43.2111 0.515621
37.1229 0.439574
29.0526 0.339574
27.8124 0.324251
19.5428 0.224251
16.1787 0.184724
7.17844 0.084724
2.44477 0.0351495
-1.0903 -0.0055433
-1.66237 -0.011433
-12.8622 -0.111433
-13.7605 -0.120141
-23.4919 -0.220141
-25.3596 -0.24
-33.9905 -0.34
-37.1425 -0.383936
-43.6272 -0.483936
-45.3793 -0.515621
-38.8857 -0.439574
-30.2959 -0.339574
-28.9676 -0.324251
-20.1713 -0.224251
-16.5757 -0.184724
-7.44266 -0.084724
-7.30508 -0.0832597
-4.31812 -0.0517322
1.68616 0.0197637
8.60815 0.119764
9.61653 0.133496
17.6193 0.233496
18.3917 0.242535
27.4108 0.342535
30.695 0.377495
40.0128 0.477495
42.6897 0.509164
38.0218 0.450897
29.9755 0.350897
26.9491 0.313716
18.6617 0.213716
16.2277 0.185039
7.3584 0.085039
7.19094 0.0832597
4.26002 0.0517322
-1.62779 -0.0197637
-10.4706 -0.119764
-11.7135 -0.133496
-20.7672 -0.233496
-21.5721 -0.242535
-30.4034 -0.342535
-33.4699 -0.377495
-42.0628 -0.477495
-44.5915 -0.509164
-39.619 -0.450897
-31.0393 -0.350897
-27.8147 -0.313716
-18.9907 -0.213716
-16.3732 -0.185039
-7.68683 -0.0892282
-8.1438 -0.0944093
-1.31456 -0.0194645
3.26366 0.0419054
10.2833 0.141905
15.7356 0.210944
24.463 0.310944
29.8833 0.369165
39.2714 0.469165
43.9777 0.540582
46.7896 0.640582
48.4241 0.708723
40.6854 0.608723
40.6577 0.608314
32.8771 0.508314
28.4097 0.451212
20.4881 0.351212
15.3341 0.287795
6.96251 0.187795
0.8742 0.0944093
-2.82473 0.0194645
-6.12114 -0.0419054
-13.785 -0.141905
-19.7339 -0.210944
-28.3735 -0.310944
-33.2942 -0.369165
-41.4884 -0.469165
-46.4936 -0.540582
-49.7906 -0.640582
-51.0811 -0.708723
-42.9714 -0.608723
-42.9386 -0.608314
-34.7832 -0.508314
-30.1151 -0.451212
-21.8397 -0.351212
-16.4975 -0.287795
-8.23004 -0.187795
-2.17636 -0.109008
0.902906 -0.0561574
5.04352 0.0362361
9.80918 0.136236
13.8311 0.212362
20.1932 0.312362
24.5866 0.374661
32.0982 0.474661
37.4408 0.544834
44.5337 0.644834
48.4265 0.716408
40.6983 0.616408
40.6585 0.615857
32.8909 0.515857
27.5665 0.447747
19.6463 0.347747
13.5794 0.273338
5.41871 0.173338
1.47097 0.109008
-1.19134 0.0561574
-5.30924 -0.0362361
-9.82745 -0.136236
-14.2583 -0.212362
-21.5291 -0.312362
-26.4078 -0.374661
-34.4036 -0.474661
-39.8267 -0.544834
-46.7078 -0.644834
-50.3965 -0.716408
-42.301 -0.616408
-42.2565 -0.615857
-34.1166 -0.515857
-28.5507 -0.447747
-20.2922 -0.347747
-14.0118 -0.273338
-5.96984 -0.173338
-1.74079 -0.114976
1.58641 -0.0544771
-4.44639 -0.154477
-10.9116 -0.254477
-12.3704 -0.274228
-20.226 -0.374228
-28.9397 -0.474228
-29.4556 -0.479914
-38.7026 -0.579914
-47.6551 -0.679914
-49.4153 -0.702756
-52.375 -0.802756
-51.9476 -0.902756
-51.7581 -0.92134
-44.0233 -0.82134
-41.6579 -0.790808
-33.9061 -0.690808
-26.1707 -0.590808
-25.8491 -0.586575
-18.1357 -0.486575
-10.4871 -0.386575
-9.57455 -0.374133
-2.72998 -0.274133
2.28432 -0.174133
3.58217 -0.14171
6.09986 -0.0730046
7.07366 -0.047107
0.531599 -0.147107
-4.61668 -0.247107
-6.23924 -0.27607
-12.2214 -0.37607
-19.2896 -0.47607
-20.1037 -0.487059
-27.8434 -0.587059
-35.8108 -0.687059
-37.4674 -0.708284
-44.7125 -0.808284
-50.1468 -0.908284
-50.6922 -0.93133
-42.9731 -0.83133
-40.5984 -0.800614
-32.8681 -0.700614
-25.1584 -0.600614
-23.7372 -0.582071
-16.0541 -0.482071
-8.61097 -0.382071
-6.702 -0.355339
-0.582604 -0.255339
3.83672 -0.155339
4.05664 -0.149469
-1.9692 -0.249469
-4.154 -0.28744
2.22817 -0.18744
5.60244 -0.110472
9.93826 -0.016496
14.5771 0.083504
19.1102 0.183504
20.5549 0.216023
24.9524 0.316023
30.4699 0.416023
36.4975 0.505904
42.8182 0.605904
48.0587 0.705904
49.7996 0.773424
51.2631 0.873424
51.9383 0.973424
51.9581 1.01893
44.5395 0.918935
41.4893 0.877912
34.0536 0.777912
26.6341 0.677912
21.7533 0.612007
14.2986 0.512007
7.09108 0.412007
2.99165 0.336614
-1.09819 0.236613
-4.73191 0.136613
-6.02834 0.0962596
-7.72612 0.0405905
-10.597 -0.0594095
-13.5003 -0.15941
-15.1473 -0.212755
-18.9446 -0.312755
-24.2888 -0.412755
-26.993 -0.461771
-32.4721 -0.561771
-37.6478 -0.661771
-40.8693 -0.728502
-45.2801 -0.828502
-48.6734 -0.928502
-49.1199 -0.981061
-49.6036 -1.08106
-49.7221 -1.18106
-49.9402 -1.26
-42.476 -1.16
-39.1812 -1.11582
-31.7846 -1.01582
-24.527 -0.915825
-19.6085 -0.847164
-12.6894 -0.747164
-6.24874 -0.647164
-4.04326 -0.607558
0.93529 -0.507558
4.66189 -0.407558
5.83302 -0.36996
8.71469 -0.26996
9.0933 -0.257244
11.9016 -0.157244
14.6809 -0.0572436
15.7831 -0.0168897
18.3173 0.0831103
20.5211 0.18311
21.7734 0.245866
23.7854 0.345866
25.8109 0.445866
28.0986 0.507479
32.7676 0.607479
37.6066 0.707479
40.32 0.765156
44.7201 0.865156
48.4013 0.965156
49.5548 1.02838
42.1605 0.928384
38.4504 0.878305
31.069 0.778305
23.7446 0.678305
19.5642 0.621022
12.3443 0.521022
5.46409 0.421022
1.54965 0.337007
-2.29786 0.237007
-5.65564 0.137007
-7.44527 0.0762203
-9.0048 0.0201574
-11.6657 -0.0798426
-14.3225 -0.179843
-14.9905 -0.205275
-17.9031 -0.305275
-21.3459 -0.405275
-24.1432 -0.473582
-28.3783 -0.573582
-32.5148 -0.673582
-34.0739 -0.713581
-37.7 -0.813581
-40.8887 -0.913581
-43.4765 -1.00933
-45.6786 -1.10933
-47.4405 -1.20933
-48.2261 -1.26078
-40.7582 -1.16078
-36.7926 -1.1076
-29.4186 -1.0076
-22.1589 -0.907596
-17.9017 -0.847557
-11.0405 -0.747557
-4.92454 -0.647557
-1.80408 -0.589881
2.67227 -0.489881
5.97716 -0.389881
6.57032 -0.36996
6.56965 -0.36996
10.9315 -0.26996
14.7758 -0.16996
18.533 -0.0699599
19.4697 -0.0435432
22.6207 0.0564568
25.16 0.156457
26.8206 0.245984
28.1834 0.345984
29.304 0.445984
30.9215 0.545984
31.8988 0.570865
36.2525 0.670865
40.7158 0.770865
44.0527 0.851337
47.7322 0.951337
50.4274 1.05134
50.8754 1.09354
50.4536 1.19354
50.2314 1.29354
50.2421 1.30968
43.1239 1.20968
36.0288 1.10968
35.742 1.10539
28.7629 1.00539
21.8442 0.905391
15.1399 0.805391
12.9028 0.771849
6.56788 0.671849
1.78726 0.571849
-1.94163 0.471849
-3.3856 0.430472
-6.5741 0.330472
-9.36435 0.230472
-11.8629 0.130472
-12.515 0.103228
-14.8597 0.00322814
-17.0622 -0.0967719
-19.347 -0.196772
-19.8044 -0.218464
-21.7951 -0.318464
-23.7419 -0.418464
-26.3179 -0.518464
-27.032 -0.538621
-30.8472 -0.638621
-34.5998 -0.738621
-38.0273 -0.838621
-38.3583 -0.848935
-41.3229 -0.948935
-43.8239 -1.04894
-45.8296 -1.14894
-46.0574 -1.16201
-47.5925 -1.26201
-47.6376 -1.26523
-48.6499 -1.36523
-48.9921 -1.46523
-49.0721 -1.55547
-41.7319 -1.45547
-34.4459 -1.35547
-34.0664 -1.34996
-26.9485 -1.24996
-20.055 -1.14996
-13.4265 -1.04996
-10.3942 -1.00228
-4.66797 -0.902281
0.150236 -0.802281
3.95608 -0.702281
5.12581 -0.664447
7.89634 -0.564447
10.5256 -0.464447
12.9998 -0.364447
13.6495 -0.338385
16.07 -0.238385
18.2687 -0.138385
20.1618 -0.0383852
20.5398 -0.0155118
22.0065 0.0844882
23.2461 0.184488
24.3053 0.284488
24.4206 0.296377
25.3751 0.396377
26.4755 0.496377
28.2342 0.580353
31.8159 0.680353
35.4204 0.780353
38.831 0.880353
39.4659 0.900116
42.4583 1.00012
44.4166 1.07453
46.6243 1.17453
48.3473 1.27453
48.5874 1.33248
41.5054 1.23248
34.4543 1.13248
31.9545 1.09638
25.0796 0.996376
18.3018 0.896376
11.7843 0.796376
10.8535 0.781691
4.76077 0.681691
0.508742 0.581691
-3.10389 0.481691
-4.14188 0.450905
-7.21805 0.350905
-9.90178 0.250905
-12.4242 0.150905
-13.5537 0.104409
-15.8056 0.00440924
-18.0131 -0.0955908
-20.0916 -0.195591
-20.3315 -0.208267
-22.1371 -0.308267
-23.9057 -0.408267
-25.9261 -0.508267
-26.2308 -0.519763
-29.2793 -0.619763
-32.5323 -0.719763
-35.6675 -0.819763
-36.5081 -0.848542
-39.1737 -0.948542
-41.4422 -1.04854
-43.3425 -1.14854
-43.8217 -1.17693
-45.2355 -1.26956
-46.5613 -1.36956
-47.7398 -1.46956
-48.6874 -1.5637
-41.3485 -1.4637
-34.6392 -1.37157
-27.523 -1.27157
-20.5852 -1.17157
-13.9594 -1.07157
-9.82276 -1.00582
-4.20485 -0.905825
0.515184 -0.805825
4.2194 -0.705825
4.77004 -0.68803
7.57853 -0.58803
10.1909 -0.48803
12.6751 -0.38803
13.863 -0.339566
13.8626 -0.339566
18.2818 -0.239566
19.0559 -0.222244
23.0263 -0.122244
25.8078 -0.0222437
27.1154 0.0471259
28.2902 0.147126
28.9942 0.247126
29.4662 0.347126
29.7483 0.417952
30.3012 0.517952
31.8133 0.617952
35.0334 0.717952
38.2439 0.817046
41.2483 0.917046
43.8803 1.01705
46.1079 1.11705
46.9791 1.16271
48.5796 1.26271
49.8441 1.36271
49.8995 1.46271
49.9882 1.56271
49.9988 1.56811
43.0268 1.46811
36.1041 1.36811
32.7502 1.31866
26.0355 1.21866
19.4998 1.11866
13.1998 1.01866
9.31581 0.954132
3.81345 0.854132
-0.0613542 0.754132
-3.47288 0.654132
-6.02725 0.572322
-8.76426 0.472322
-11.2357 0.372322
-13.5963 0.272322
-13.9528 0.257007
-16.1054 0.157007
-17.9285 0.0637794
-19.8213 -0.0362206
-21.4346 -0.136221
-22.8137 -0.236221
-23.6722 -0.303897
-24.9891 -0.403897
-26.3786 -0.503897
-28.7109 -0.603897
-31.2083 -0.687676
-34.3393 -0.787676
-37.2128 -0.887676
-39.7268 -0.987676
-41.4209 -1.06516
-43.2964 -1.16516
-44.8732 -1.26516
-46.2215 -1.36516
-46.6154 -1.39704
-47.755 -1.49704
-48.6932 -1.59704
-48.7408 -1.69704
-48.882 -1.77574
-41.6412 -1.67574
-34.4684 -1.57574
-32.9086 -1.55342
-25.9885 -1.45342
-19.3008 -1.35342
-12.9303 -1.25342
-9.02478 -1.18815
-3.69056 -1.08815
0.806111 -0.988147
4.35981 -0.888147
6.18672 -0.824014
8.73425 -0.724014
11.1868 -0.624014
13.4955 -0.524014
14.1948 -0.493779
16.3847 -0.393779
18.2087 -0.304803
19.9664 -0.204803
21.4566 -0.104803
22.6789 -0.00480254
23.2217 0.0467322
24.1653 0.146732
24.9824 0.246732
25.6932 0.346732
26.4305 0.445432
27.3376 0.545432
29.4003 0.645432
32.3253 0.745432
34.8286 0.827242
37.6729 0.927242
40.2088 1.02724
42.4241 1.12724
43.7048 1.19299
45.3968 1.29299
46.8276 1.39299
48.0629 1.49299
48.6273 1.56929
41.6688 1.46929
34.7579 1.36929
31.4064 1.31984
24.7476 1.21984
18.2392 1.11984
12.01 1.01984
8.70589 0.964368
3.3608 0.864368
-0.496675 0.764368
-3.86837 0.664368
-6.40198 0.582164
-9.09787 0.482164
-11.5453 0.382164
-13.8932 0.282164
-15.7057 0.201929
-17.751 0.101929
-18.8612 0.0457086
-20.6033 -0.0542914
-22.0883 -0.154291
-23.3493 -0.254291
-24.0029 -0.304291
-25.2623 -0.404291
-26.7043 -0.504291
-28.8491 -0.604291
-30.6099 -0.673542
-33.3953 -0.773542
-36.0992 -0.873542
-38.4586 -0.973542
-39.8861 -1.04236
-41.699 -1.14236
-43.2365 -1.24236
-44.5506 -1.34236
-45.3526 -1.41082
-46.4223 -1.51082
-47.4013 -1.61082
-48.3008 -1.71082
-48.8041 -1.78598
-41.5699 -1.68598
-34.4045 -1.58598
-32.1842 -1.55421
-25.2993 -1.45421
-18.6394 -1.35421
-12.3322 -1.25421
-7.89513 -1.1787
-2.75533 -1.0787
1.55706 -0.978698
4.92223 -0.878698
6.70262 -0.814172
9.1904 -0.714172
11.6187 -0.614172
13.4318 -0.534645
13.4306 -0.534645
17.7362 -0.434645
21.8215 -0.334645
24.8595 -0.234645
25.1375 -0.22307
27.0004 -0.12307
28.1289 -0.0230704
28.7863 0.0679526
29.2622 0.167953
29.6168 0.267953
29.8996 0.367953
30.1364 0.467953
30.3649 0.521259
31.6711 0.621259
34.1645 0.721259
36.88 0.821259
39.4492 0.921259
40.103 0.94862
42.3042 1.04862
44.2129 1.14862
45.8362 1.24862
47.2047 1.34862
47.7939 1.39724
48.8807 1.49724
49.8342 1.59724
49.9846 1.69724
50.0015 1.79724
49.9756 1.82346
43.1182 1.72346
36.3141 1.62346
31.9784 1.5583
25.4277 1.4583
19.1114 1.3583
13.0764 1.2583
7.37709 1.1583
5.91831 1.13173
1.54528 1.03173
-1.90936 0.93173
-5.03668 0.83173
-7.80246 0.73173
-8.20823 0.71614
-10.6414 0.61614
-12.9071 0.51614
-13.1297 0.506101
-15.279 0.406101
-17.2333 0.306101
-19.12 0.206101
-20.6936 0.106101
-21.0211 0.0830313
-22.3139 -0.0169687
-23.4257 -0.116969
-24.3774 -0.216969
-25.2605 -0.316969
-25.6837 -0.358858
-26.6762 -0.458858
-28.0312 -0.558858
-30.3243 -0.658858
-32.9533 -0.758858
-33.815 -0.79055
-36.3888 -0.89055
-38.6425 -0.99055
-40.588 -1.09055
-42.2517 -1.19055
-42.4717 -1.205
-43.8643 -1.305
-45.0684 -1.405
-46.14 -1.505
-47.1152 -1.605
-47.3615 -1.63157
-48.2363 -1.73157
-48.8685 -1.83157
-49.058 -1.93157
-49.1714 -2.03157
-49.1797 -2.05547
-42.0223 -1.95547
-34.9761 -1.85547
-30.3781 -1.78917
-23.6642 -1.68917
-17.2387 -1.58917
-11.2555 -1.48917
-5.78238 -1.38917
-4.84713 -1.37122
-0.314527 -1.27122
3.42837 -1.17122
6.31253 -1.07122
8.51464 -0.982006
10.8298 -0.882006
13.0355 -0.782006
13.9443 -0.738896
16.0452 -0.638896
18.006 -0.538896
19.7683 -0.438896
21.0181 -0.359448
22.3863 -0.259448
23.5715 -0.159448
24.5627 -0.0594481
25.4083 0.0405519
25.7399 0.0848423
26.4281 0.184842
27.0429 0.284842
27.6529 0.384842
28.4698 0.484842
28.7581 0.520865
29.7779 0.620865
31.6482 0.720865
34.0404 0.820865
36.4482 0.920865
37.9688 0.987911
40.0305 1.08791
41.8312 1.18791
43.3851 1.28791
44.7276 1.38791
44.9689 1.40744
46.1156 1.50744
47.1375 1.60744
48.0612 1.70744
48.7924 1.80744
48.7846 1.84271
41.9578 1.74271
35.2056 1.64271
30.2484 1.56815
23.7974 1.46815
17.5286 1.36815
11.5889 1.26815
6.04472 1.16815
4.62045 1.14153
0.634534 1.04153
-2.73596 0.941533
-5.78978 0.841533
-8.43216 0.741533
-9.07539 0.715747
-11.3992 0.615747
-13.6339 0.515747
-13.8722 0.50492
-15.9827 0.40492
-17.8912 0.30492
-19.7429 0.20492
-21.2367 0.10492
-21.6115 0.0763778
-22.8057 -0.0236222
-23.8291 -0.123622
-24.7076 -0.223622
-25.5732 -0.323622
-25.7201 -0.338818
-26.6592 -0.438818
-27.8916 -0.538818
-29.796 -0.638818
-32.001 -0.738818
-32.6463 -0.766219
-34.9893 -0.866219
-37.155 -0.966219
-39.0308 -1.06622
-40.6419 -1.16622
-41.2508 -1.20815
-42.5717 -1.30815
-43.7392 -1.40815
-44.7825 -1.50815
-45.7222 -1.60815
-45.9511 -1.63393
-46.7929 -1.73393
-47.5828 -1.83393
-48.3293 -1.93393
-49.0137 -2.03393
-49.0674 -2.05704
-41.919 -1.95704
-34.8377 -1.85704
-30.2297 -1.78996
-23.5611 -1.68996
-17.172 -1.58996
-11.1518 -1.48996
-5.70423 -1.38996
-4.77582 -1.37201
-0.268894 -1.27201
3.45423 -1.17201
6.32782 -1.07201
8.7765 -0.972005
9.4359 -0.943463
11.7222 -0.843463
13.4037 -0.765628
13.3986 -0.765628
17.5759 -0.665628
21.5922 -0.565628
24.622 -0.465628
26.6526 -0.365628
27.9847 -0.265628
28.0415 -0.260433
28.9444 -0.160433
29.6278 -0.0604325
30.137 0.0395675
30.502 0.139567
30.5509 0.154724
30.8481 0.254724
31.1111 0.354724
31.3877 0.454724
31.8921 0.554724
32.7599 0.639093
34.6863 0.739093
36.7618 0.839093
38.7753 0.939093
40.6631 1.03909
41.4676 1.08535
43.0521 1.18535
44.4288 1.28535
45.6156 1.38535
46.6568 1.48535
47.5887 1.58535
47.6102 1.58775
48.4512 1.68775
49.2235 1.78775
49.7449 1.88775
49.7192 1.98775
49.8414 2.08775
49.8556 2.10511
43.1162 2.00511
36.437 1.90511
29.9321 1.80511
28.7864 1.78696
22.55 1.68696
16.4931 1.58696
10.7813 1.48696
5.51085 1.38696
1.43879 1.29043
-1.88741 1.19043
-4.86656 1.09043
-7.56613 0.99043
-8.47471 0.953699
-10.7803 0.853699
-12.9042 0.753699
-14.9357 0.653699
-16.6406 0.565038
-18.4008 0.465038
-20.1141 0.365038
-21.4884 0.265038
-22.6461 0.165038
-23.4037 0.0881494
-24.2714 -0.0118506
-25.0266 -0.111851
-25.6878 -0.211851
-26.2707 -0.311851
-26.8096 -0.391456
-27.6545 -0.491456
-29.1333 -0.591456
-31.1927 -0.691456
-33.4134 -0.791456
-34.9414 -0.860077
-37.0224 -0.960077
-38.8397 -1.06008
-40.4223 -1.16008
-41.8088 -1.26008
-42.7802 -1.33854
-43.8977 -1.43854
-44.9032 -1.53854
-45.8104 -1.63854
-46.644 -1.73854
-47.4238 -1.83854
-47.5047 -1.84921
-48.2372 -1.94921
-48.9233 -2.04921
-49.0687 -2.14921
-49.1992 -2.24921
-49.3114 -2.3387
-42.245 -2.2387
-35.3087 -2.1387
-28.5444 -2.0387
-27.8364 -2.02799
-21.4062 -1.92799
-15.2735 -1.82799
-9.57718 -1.72799
-4.44356 -1.62799
-0.505185 -1.53819
3.1833 -1.43819
6.09869 -1.33819
8.52232 -1.23819
9.62261 -1.18925
11.7874 -1.08925
13.878 -0.98925
15.8796 -0.88925
17.0193 -0.830431
18.8603 -0.730431
20.5648 -0.630431
22.0916 -0.530431
23.384 -0.430431
24.5339 -0.330431
24.6964 -0.315472
25.709 -0.215472
26.6038 -0.115472
27.3609 -0.0154718
28.0454 0.0845282
28.4793 0.156299
29.0394 0.256299
29.638 0.356299
30.4582 0.456299
31.2524 0.556299
32.0102 0.637518
33.1642 0.737518
34.9045 0.837518
36.8036 0.937518
38.6575 1.03752
40.0834 1.12307
41.5511 1.22307
42.8247 1.32307
43.9274 1.42307
44.8913 1.52307
45.4719 1.58933
46.2808 1.68933
47.0243 1.78933
47.7131 1.88933
48.3607 1.98933
48.9275 2.08933
48.967 2.11574
42.2336 2.01574
35.5631 1.91574
29.0879 1.81574
27.3496 1.78815
21.1461 1.68815
15.2096 1.58815
9.6035 1.48815
4.42686 1.38815
1.19917 1.30693
-2.1029 1.20693
-5.0627 1.10693
-7.72151 1.00693
-8.62684 0.969801
-10.8972 0.869801
-13.0041 0.769801
-15.0316 0.669801
-16.6302 0.585865
-18.4133 0.485865
-20.1257 0.385865
-21.5116 0.285865
-22.683 0.185865
-23.6404 0.085865
-23.6897 0.0803148
-24.5095 -0.0196852
-25.225 -0.119685
-25.8533 -0.219685
-26.4088 -0.319685
-26.8976 -0.393031
-27.7099 -0.493031
-29.1204 -0.593031
-30.95 -0.693031
-32.944 -0.793031
-34.49 -0.872282
-36.3902 -0.972282
-38.0871 -1.07228
-39.5755 -1.17228
-40.8736 -1.27228
-41.8775 -1.35937
-42.9146 -1.45937
-43.8548 -1.55937
-44.7198 -1.65937
-45.5234 -1.75937
-46.2079 -1.85078
-46.9077 -1.95078
-47.5744 -2.05078
-48.2124 -2.15078
-48.8242 -2.25078
-49.2302 -2.33752
-42.1713 -2.23752
-35.2436 -2.13752
-28.9925 -2.04527
-22.4895 -1.94527
-16.2732 -1.84527
-10.5528 -1.74527
-5.33429 -1.64527
-1.6583 -1.56449
2.2206 -1.46449
5.35897 -1.36449
7.87289 -1.26449
8.21754 -1.2498
10.4339 -1.1498
12.5852 -1.0498
14.6142 -0.949801
16.6048 -0.849801
17.6663 -0.793502
17.6662 -0.793502
22.1007 -0.693502
25.5853 -0.593502
27.7753 -0.493502
29.1041 -0.393502
30.0206 -0.293502
30.1248 -0.280472
30.8411 -0.180472
31.4296 -0.0804719
31.8773 0.0195281
32.2451 0.119528
32.4076 0.17122
32.6971 0.27122
32.9585 0.37122
33.3433 0.47122
33.9029 0.57122
34.648 0.67122
35.0515 0.710195
36.6141 0.810195
38.1977 0.910195
39.7806 1.0102
41.2948 1.1102
42.6343 1.2102
43.188 1.25582
44.2855 1.35582
45.2409 1.45582
46.0797 1.55582
46.8356 1.65582
47.5305 1.75582
48.0809 1.84074
48.6903 1.94074
49.2672 2.04074
49.8028 2.14074
49.8906 2.24074
49.8551 2.34074
49.8562 2.36952
43.191 2.26952
36.6417 2.16952
30.1923 2.06952
26.9065 2.01677
20.8428 1.91677
15.0534 1.81677
9.61983 1.71677
4.61139 1.61677
0.715556 1.51677
-0.134288 1.49118
-3.21546 1.39118
-5.97965 1.29118
-8.47639 1.19118
-8.63292 1.18531
-10.8491 1.08531
-12.8531 0.985313
-14.7811 0.885313
-16.6232 0.785313
-18.332 0.685313
-18.9921 0.643621
-20.604 0.543621
-21.9692 0.443621
-23.161 0.343621
-24.1441 0.243621
-24.9956 0.143621
-25.3834 0.0916927
-26.0668 -0.00830727
-26.6774 -0.108307
-27.2262 -0.208307
-27.7224 -0.308307
-28.3652 -0.408307
-28.5598 -0.43429
-29.3794 -0.53429
-30.6286 -0.63429
-32.3384 -0.73429
-34.2008 -0.83429
-35.9978 -0.93429
-36.759 -0.97677
-38.3946 -1.07677
-39.831 -1.17677
-41.0845 -1.27677
-42.1895 -1.37677
-43.1755 -1.47677
-43.4904 -1.51098
-44.3569 -1.61098
-45.1576 -1.71098
-45.9009 -1.81098
-46.5863 -1.91098
-47.2369 -2.01098
-47.4849 -2.05035
-48.0952 -2.15035
-48.6816 -2.25035
-49.2289 -2.35035
-49.3855 -2.45035
-49.5118 -2.55035
-49.5425 -2.57913
-42.5207 -2.47913
-35.6551 -2.37913
-30.8474 -2.30811
-24.3684 -2.20811
-18.1866 -2.10811
-12.3313 -2.00811
-6.98856 -1.90811
-2.34651 -1.80811
-0.184046 -1.75622
3.37914 -1.65622
6.29456 -1.55622
8.70184 -1.45622
9.24976 -1.43224
11.4039 -1.33224
13.4889 -1.23224
15.5225 -1.13224
17.5297 -1.03224
19.4321 -0.932241
20.0087 -0.901179
21.7716 -0.801179
23.3719 -0.701179
24.8314 -0.601179
26.1596 -0.501179
27.3008 -0.401179
27.7638 -0.357913
28.7685 -0.257913
29.6964 -0.157913
30.5392 -0.0579127
31.2812 0.0420873
31.9738 0.142087
32.2956 0.190866
32.9147 0.290866
33.7847 0.390866
34.7041 0.490866
35.5902 0.590866
36.4423 0.690866
36.8489 0.735707
37.816 0.835707
38.775 0.935707
39.8514 1.03571
41.0829 1.13571
42.2177 1.23571
42.4266 1.25582
43.3717 1.35582
44.1825 1.45582
44.8912 1.55582
45.5255 1.65582
46.1039 1.75582
46.3204 1.79559
46.8403 1.89559
47.3309 1.99559
47.7973 2.09559
48.2417 2.19559
48.6659 2.29559
48.9438 2.36913
42.3764 2.26913
35.8831 2.16913
29.5997 2.06913
26.9123 2.025
20.9831 1.925
15.3288 1.825
10.1165 1.725
5.32158 1.625
1.42391 1.525
0.220563 1.48763
-2.72211 1.38763
-5.3418 1.28763
-7.70525 1.18763
-7.84802 1.18138
-9.87896 1.08138
-11.6913 0.981376
-13.3327 0.881376
-14.8747 0.781376
-16.2867 0.681376
-16.7858 0.644014
-18.0488 0.544014
-19.2739 0.444014
-20.4358 0.344014
-21.4917 0.244014
-22.4559 0.144014
-22.7912 0.107401
-23.6538 0.00740136
-24.4485 -0.0925986
-25.189 -0.192599
-25.8651 -0.292599
-26.5001 -0.392599
-26.8153 -0.444881
-27.3884 -0.544881
-27.9258 -0.644881
-28.4512 -0.744881
-29.5616 -0.844881
-30.9947 -0.944881
-31.577 -0.980707
-33.2568 -1.08071
-34.8533 -1.18071
-36.3276 -1.28071
-37.6876 -1.38071
-38.9553 -1.48071
-39.3614 -1.51413
-40.5328 -1.61413
-41.6485 -1.71413
-42.7159 -1.81413
-43.7474 -1.91413
-44.7492 -2.01413
-45.0384 -2.04366
-45.9587 -2.14366
-46.8098 -2.24366
-47.5937 -2.34366
-48.3373 -2.44366
-48.9386 -2.54366
-49.2071 -2.59877
-42.2249 -2.49877
-35.3927 -2.39877
-28.7177 -2.29877
-25.8724 -2.25468
-19.6098 -2.15468
-13.7981 -2.05468
-8.37857 -1.95468
-3.5756 -1.85468
0.456556 -1.75468
1.39204 -1.72913
4.63705 -1.62913
7.23897 -1.52913
9.49066 -1.42913
9.80652 -1.41456
11.8667 -1.31456
13.8775 -1.21456
15.8307 -1.11456
17.7351 -1.01456
19.54 -0.914564
20.2649 -0.872872
20.2638 -0.872872
24.7875 -0.772872
27.7901 -0.672872
29.5418 -0.572872
30.6193 -0.472872
31.446 -0.372872
32.1526 -0.272872
32.1751 -0.269488
32.8078 -0.169488
33.3894 -0.0694876
33.9273 0.0305124
34.4233 0.130512
34.8277 0.218779
35.2519 0.318779
35.6466 0.418779
36.0193 0.518779
36.3766 0.618779
36.8561 0.718779
37.6043 0.818779
37.7943 0.844132
38.6669 0.944132
39.7583 1.04413
41.0329 1.14413
42.1865 1.24413
43.1966 1.34413
44.0262 1.43771
44.8118 1.53771
45.52 1.63771
46.1739 1.73771
46.7896 1.83771
47.3776 1.93771
47.6517 1.9857
48.2084 2.0857
48.7484 2.1857
49.2445 2.2857
49.6801 2.3857
49.886 2.4857
49.9666 2.5857
49.9925 2.6272
43.3684 2.5272
36.858 2.4272
30.4837 2.3272
24.3882 2.22771
18.4222 2.12771
12.891 2.02771
7.74717 1.92771
3.07115 1.82771
-0.458579 1.72771
-2.86145 1.64988
-5.65182 1.54988
-8.28755 1.44988
-10.5409 1.34988
-12.5576 1.24988
-12.765 1.23941
-14.7102 1.13941
-16.5954 1.03941
-18.4046 0.939407
-20.0892 0.839407
-21.8235 0.739407
-22.3979 0.701731
-23.8212 0.601731
-25.098 0.501731
-26.2531 0.401731
-27.2418 0.301731
-28.1382 0.201731
-28.9293 0.101731
-28.9695 0.0964171
-29.6882 -0.00358287
-30.3532 -0.103583
-30.9712 -0.203583
-31.5484 -0.303583
-32.1621 -0.403583
-32.7533 -0.473582
-33.5719 -0.573582
-34.371 -0.673582
-35.3226 -0.773582
-36.3476 -0.873582
-37.651 -0.973582
-39.1157 -1.07358
-39.1197 -1.07382
-40.3066 -1.17382
-41.3916 -1.27382
-42.379 -1.37382
-43.2612 -1.47382
-44.0467 -1.57382
-44.7286 -1.67011
-45.3731 -1.77011
-45.9634 -1.87011
-46.5161 -1.97011
-47.0393 -2.07011
-47.5387 -2.17011
-47.9343 -2.25228
-48.3999 -2.35228
-48.8505 -2.45228
-49.2852 -2.55228
-49.621 -2.65228
-49.738 -2.75228
-49.8051 -2.8431
-42.8429 -2.7431
-36.0407 -2.6431
-29.3768 -2.5431
-26.4849 -2.49783
-20.3225 -2.39783
-14.5608 -2.29783
-9.19155 -2.19783
-4.36533 -2.09783
-0.287362 -1.99783
3.14154 -1.89783
3.2978 -1.89291
6.16354 -1.79291
8.52954 -1.69291
10.5841 -1.59291
12.5364 -1.49291
13.1383 -1.46118
14.9949 -1.36118
16.865 -1.26118
18.6753 -1.16118
20.4033 -1.06118
22.065 -0.961178
22.5472 -0.931415
24.0796 -0.831415
25.4383 -0.731415
26.7185 -0.631415
27.8924 -0.531415
28.9397 -0.431415
29.7937 -0.344133
30.7158 -0.244133
31.5408 -0.144133
32.3073 -0.0441332
33.0107 0.0558668
33.6829 0.155867
34.2584 0.245078
34.8799 0.345078
35.4789 0.445078
36.0571 0.545078
36.6168 0.645078
37.3129 0.745078
37.7949 0.811534
38.506 0.911534
39.2969 1.01153
40.237 1.11153
41.3655 1.21153
42.3846 1.31153
43.2694 1.41153
43.4834 1.43811
44.2209 1.53811
44.8686 1.63811
45.4478 1.73811
45.9763 1.83811
46.4665 1.93811
46.8981 2.03165
47.336 2.13165
47.7537 2.23165
48.1537 2.33165
48.5372 2.43165
48.9061 2.53165
49.1673 2.62759
42.5553 2.52759
36.064 2.42759
29.6958 2.32759
23.6484 2.2285
17.7439 2.1285
12.2445 2.0285
7.12468 1.9285
2.54564 1.8285
-0.885697 1.7285
-3.02328 1.65889
-5.81748 1.55889
-8.43103 1.45889
-10.6688 1.35889
-12.6748 1.25889
-13.8562 1.19846
-15.7749 1.09846
-17.6154 0.998462
-19.3611 0.898462
-21.0836 0.798462
-22.6427 0.70055
-24.0177 0.60055
-25.2463 0.50055
-26.3637 0.40055
-27.3254 0.30055
-28.1933 0.20055
-28.9256 0.105039
-29.6278 0.00503916
-30.2772 -0.0949608
-30.881 -0.194961
-31.445 -0.294961
-31.9877 -0.394961
-32.6051 -0.475157
-33.4155 -0.575157
-34.2278 -0.675157
-35.1347 -0.775157
-36.1528 -0.875157
-37.3377 -0.975157
-38.541 -1.07516
-38.6567 -1.08441
-39.9055 -1.18441
-41.0078 -1.28441
-41.9716 -1.38441
-42.818 -1.48441
-43.5671 -1.58441
-44.1041 -1.66303
-44.7351 -1.76303
-45.3205 -1.86303
-45.8659 -1.96303
-46.3763 -2.06303
-46.862 -2.16303
-47.3273 -2.26303
-47.3302 -2.26366
-47.7777 -2.36366
-48.2099 -2.46366
-48.6284 -2.56366
-49.0342 -2.66366
-49.4281 -2.76366
-49.6765 -2.85055
-42.7282 -2.75055
-35.9517 -2.65055
-29.3215 -2.55055
-25.9291 -2.49704
-19.8331 -2.39704
-14.1487 -2.29704
-8.87305 -2.19704
-4.12745 -2.09704
-0.182517 -1.99704
3.17898 -1.89704
3.31467 -1.8933
6.13552 -1.7933
8.44588 -1.6933
10.5017 -1.5933
12.4417 -1.4933
12.9125 -1.46826
14.7475 -1.36826
16.5975 -1.26826
18.3955 -1.16826
20.0711 -1.06826
21.6542 -0.968265
22.3492 -0.922754
23.0612 -0.872872
24.3918 -0.772872
25.6457 -0.672872
26.7561 -0.572872
27.8094 -0.472872
28.8003 -0.372872
29.7409 -0.272872
29.772 -0.269488
30.6686 -0.169488
31.5268 -0.0694876
32.3504 0.0305124
33.1422 0.130512
33.8166 0.218779
34.5548 0.318779
35.268 0.418779
35.9579 0.518779
36.6254 0.618779
37.2722 0.718779
37.8995 0.818779
38.0556 0.844132
38.6595 0.944132
39.2455 1.04413
39.8144 1.14413
40.5229 1.24413
41.264 1.34413
42.0437 1.43771
42.8241 1.53771
43.5511 1.63771
44.2342 1.73771
44.8806 1.83771
45.4983 1.93771
45.7863 1.9857
46.3713 2.0857
46.9386 2.1857
47.4668 2.2857
47.9429 2.3857
48.3392 2.4857
48.7159 2.5857
48.856 2.6272
42.4024 2.5272
36.079 2.4272
29.8779 2.3272
24.0194 2.22771
18.4452 2.12771
13.117 2.02771
8.4169 1.92771
3.99658 1.82771
0.604041 1.72771
-1.64161 1.64988
-4.199 1.54988
-6.45706 1.44988
-8.47581 1.34988
-10.2544 1.24988
-10.4295 1.23941
-11.9836 1.13941
-13.4497 1.03941
-14.8433 0.939407
-16.1591 0.839407
-17.3958 0.739407
-17.8413 0.701731
-18.9704 0.601731
-20.0654 0.501731
-21.1404 0.401731
-22.1392 0.301731
-23.0691 0.201731
-23.9389 0.101731
-23.9841 0.0964171
-24.8014 -0.00358287
-25.5699 -0.103583
-26.2945 -0.203583
-26.9799 -0.303583
-27.6301 -0.403583
-28.0662 -0.473582
-28.6647 -0.573582
-29.2369 -0.673582
-29.7859 -0.773582
-30.3141 -0.873582
-30.8597 -0.973582
-31.6334 -1.07358
-31.6355 -1.07382
-32.5073 -1.17382
-33.6109 -1.27382
-34.8962 -1.37382
-36.1555 -1.47382
-37.3793 -1.57382
-38.5249 -1.67011
-39.6839 -1.77011
-40.8161 -1.87011
-41.9253 -1.97011
-43.0145 -2.07011
-44.0448 -2.17011
-44.843 -2.25228
-45.745 -2.35228
-46.6232 -2.45228
-47.3611 -2.55228
-48.0148 -2.65228
-48.6418 -2.75228
-49.101 -2.8431
-42.1946 -2.7431
-35.432 -2.6431
-28.8751 -2.5431
-25.9996 -2.49783
-19.9093 -2.39783
-14.2194 -2.29783
-8.94946 -2.19783
-4.23161 -2.09783
-0.279775 -1.99783
3.03606 -1.89783
3.20292 -1.89291
6.0267 -1.79291
8.34501 -1.69291
10.3453 -1.59291
12.2438 -1.49291
12.8292 -1.46118
14.5998 -1.36118
16.3443 -1.26118
18.0248 -1.16118
19.5696 -1.06118
20.9516 -0.961178
21.3462 -0.931415
22.6227 -0.831415
23.8288 -0.731415
24.9639 -0.631415
26.0343 -0.531415
27.0515 -0.431415
27.8997 -0.344133
28.8305 -0.244133
29.7215 -0.144133
30.5764 -0.0441332
31.3985 0.0558668
32.1908 0.155867
32.8746 0.245078
33.617 0.345078
34.3358 0.445078
35.0329 0.545078
35.71 0.645078
36.3677 0.745078
36.7947 0.811534
37.4228 0.911534
38.0341 1.01153
38.629 1.11153
39.2079 1.21153
39.7768 1.31153
40.4377 1.41153
40.6175 1.43811
41.4092 1.53811
42.238 1.63811
43.0271 1.73811
43.7882 1.83811
44.5207 1.93811
45.1825 2.03165
45.8691 2.13165
46.5298 2.23165
47.1393 2.33165
47.6632 2.43165
48.1617 2.53165
48.5484 2.62759
42.0938 2.52759
35.7199 2.42759
29.5798 2.32759
23.7364 2.2285
18.1662 2.1285
12.9253 2.0285
8.21242 1.9285
3.83345 1.8285
0.474124 1.7285
-1.50195 1.65889
-4.02582 1.55889
-6.30986 1.45889
-8.32484 1.35889
-10.1128 1.25889
-11.0899 1.19846
-12.5987 1.09846
-14.0355 0.998462
-15.3976 0.898462
-16.6809 0.798462
-17.8604 0.70055
-18.9883 0.60055
-20.087 0.50055
-21.1594 0.40055
-22.155 0.30055
-23.0818 0.20055
-23.9109 0.105039
-24.7305 0.00503916
-25.5006 -0.0949608
-26.2264 -0.194961
-26.9126 -0.294961
-27.5634 -0.394961
-28.0622 -0.475157
-28.6582 -0.575157
-29.2283 -0.675157
-29.7753 -0.775157
-30.3017 -0.875157
-30.8099 -0.975157
-31.5676 -1.07516
-31.6397 -1.08441
-32.5062 -1.18441
-33.6638 -1.28441
-35.0588 -1.38441
-36.4016 -1.48441
-37.6745 -1.58441
-38.6323 -1.66303
-39.8058 -1.76303
-40.9397 -1.86303
-42.0419 -1.96303
-43.1177 -2.06303
-44.1247 -2.16303
-45.0554 -2.26303
-45.0611 -2.26366
-45.9417 -2.36366
-46.7627 -2.46366
-47.4741 -2.56366
-48.095 -2.66366
-48.6873 -2.76366
-49.0936 -2.85055
-42.1986 -2.75055
-35.4684 -2.65055
-28.8731 -2.55055
-25.5007 -2.49704
-19.4409 -2.39704
-13.7776 -2.29704
-8.57285 -2.19704
-3.95009 -2.09704
-0.0447655 -1.99704
3.24669 -1.89704
3.37108 -1.8933
6.14377 -1.7933
8.41263 -1.6933
10.4288 -1.5933
12.3154 -1.4933
12.7778 -1.46826
14.5473 -1.36826
16.297 -1.26826
17.9702 -1.16826
19.5095 -1.06826
20.8902 -0.968265
21.4909 -0.922754
21.4902 -0.922754
25.6687 -0.822754
28.009 -0.722754
29.4128 -0.622754
30.4874 -0.522754
31.4027 -0.422754
32.2262 -0.322754
32.4829 -0.289921
33.2303 -0.189921
33.9412 -0.0899207
34.6248 0.0100793
35.2848 0.110079
35.9229 0.210079
36.3461 0.278464
36.945 0.378464
37.5203 0.478464
38.0739 0.578464
38.6091 0.678464
39.1296 0.778464
39.6384 0.878464
39.9034 0.931337
40.3978 1.03134
40.8836 1.13134
41.394 1.23134
41.9768 1.33134
42.5712 1.43134
43.1939 1.53134
43.5481 1.58031
44.2468 1.68031
44.9071 1.78031
45.5488 1.88031
46.173 1.98031
46.7817 2.08031
47.3781 2.18031
47.6638 2.22925
48.2021 2.32925
48.6718 2.42925
49.109 2.52925
49.4735 2.62925
49.7526 2.72925
49.9207 2.82925
49.9981 2.89314
43.4157 2.79314
36.9709 2.69314
30.6519 2.59314
24.6155 2.49314
23.7155 2.47795
18.0067 2.37795
12.5932 2.27795
7.62181 2.17795
3.10458 2.07795
-0.379352 1.97795
-3.35204 1.87795
-4.46247 1.8361
-7.03207 1.7361
-9.41868 1.6361
-11.4925 1.5361
-13.3446 1.4361
-13.6137 1.42141
-15.4193 1.32141
-17.1705 1.22141
-18.8516 1.12141
-20.4002 1.02141
-21.8978 0.921414
-23.3161 0.821414
-23.95 0.772479
-25.1634 0.672479
-26.2683 0.572479
-27.2837 0.472479
-28.17 0.372479
-28.979 0.272479
-29.7215 0.172479
-30.0143 0.129803
-30.6745 0.0298029
-31.2801 -0.0701971
-31.8567 -0.170197
-32.402 -0.270197
-32.9196 -0.370197
-33.6314 -0.470197
-34.0081 -0.515983
-34.8102 -0.615983
-35.596 -0.715983
-36.3572 -0.815983
-37.2299 -0.915983
-38.0591 -1.01598
-38.975 -1.11598
-39.438 -1.16689
-40.4944 -1.26689
-41.5393 -1.36689
-42.4707 -1.46689
-43.2906 -1.56689
-44.0134 -1.66689
-44.6587 -1.76689
-44.9333 -1.81271
-45.4948 -1.91271
-46.0143 -2.01271
-46.5008 -2.11271
-46.961 -2.21271
-47.3995 -2.31271
-47.8201 -2.41271
-48.0105 -2.45929
-48.4077 -2.55929
-48.7917 -2.65929
-49.1638 -2.75929
-49.5239 -2.85929
-49.7583 -2.95929
-49.8535 -3.05929
-49.9118 -3.12397
-42.9843 -3.02397
-36.2245 -2.92397
-29.6239 -2.82397
-23.3995 -2.72397
-22.5439 -2.70999
-16.7063 -2.60999
-11.2786 -2.50999
-6.32732 -2.40999
-2.03269 -2.30999
1.617 -2.20999
3.71349 -2.14488
6.47073 -2.04488
8.75725 -1.94488
10.7982 -1.84488
12.6844 -1.74488
14.3634 -1.65303
16.1318 -1.55303
17.9136 -1.45303
19.6668 -1.35303
21.3696 -1.25303
23.0357 -1.15303
24.6109 -1.05303
24.8243 -1.03905
26.2841 -0.939053
27.6545 -0.839053
28.9313 -0.739053
30.1491 -0.639053
31.2377 -0.539053
32.2641 -0.439053
32.7861 -0.386574
33.6881 -0.286574
34.5212 -0.186574
35.3111 -0.086574
36.0713 0.013426
36.8041 0.113426
37.5111 0.213426
38.0271 0.2887
38.6919 0.3887
39.3337 0.4887
39.9537 0.5887
40.5486 0.6887
41.121 0.7887
41.6689 0.8887
41.9483 0.941573
42.4564 1.04157
42.9369 1.14157
43.3889 1.24157
43.8117 1.34157
44.2059 1.44157
44.6087 1.54157
44.816 1.59051
45.2191 1.69051
45.5988 1.79051
45.9594 1.89051
46.3084 1.99051
46.6542 2.09051
46.9973 2.19051
47.1571 2.2383
47.4832 2.3383
47.7998 2.4383
48.1077 2.5383
48.4074 2.6383
48.6995 2.7383
48.9831 2.8383
49.06 2.86645
42.6311 2.76645
36.3032 2.66645
30.2151 2.56645
24.5432 2.46889
19.081 2.36889
13.963 2.26889
9.37154 2.16889
5.1338 2.06889
1.59879 1.96889
-1.21374 1.86889
-2.06861 1.83413
-4.43203 1.73413
-6.56752 1.63413
-8.53119 1.53413
-10.2805 1.43413
-10.5107 1.42023
-12.0292 1.32023
-13.4429 1.22023
-14.796 1.12023
-16.0942 1.02023
-17.3368 0.920233
-18.5153 0.820233
-19.1414 0.764998
-20.2313 0.664998
-21.3412 0.564998
-22.4214 0.464998
-23.4498 0.364998
-24.428 0.264998
-25.3631 0.164998
-25.8608 0.110157
-26.7374 0.0101573
-27.5767 -0.0898427
-28.3816 -0.189843
-29.1545 -0.289843
-29.8976 -0.389843
-30.6132 -0.489843
-30.8508 -0.523857
-31.5323 -0.623857
-32.1908 -0.723857
-32.8278 -0.823857
-33.4447 -0.923857
-34.0433 -1.02386
-34.6249 -1.12386
-34.8349 -1.16063
-35.3951 -1.26063
-35.9716 -1.36063
-36.6765 -1.46063
-37.4198 -1.56063
-38.3786 -1.66063
-39.4155 -1.76063
-40.0458 -1.82094
-41.0812 -1.92094
-42.0902 -2.02094
-43.039 -2.12094
-43.9317 -2.22094
-44.7619 -2.32094
-45.5687 -2.42094
-45.8379 -2.45929
-46.5035 -2.55929
-47.0922 -2.65929
-47.6704 -2.75929
-48.1903 -2.85929
-48.6401 -2.95929
-49.0591 -3.05929
-49.2891 -3.12397
-42.4692 -3.02397
-35.8238 -2.92397
-29.3595 -2.82397
-23.235 -2.72397
-22.3713 -2.7096
-16.6619 -2.6096
-11.3195 -2.5096
-6.57788 -2.4096
-2.48917 -2.3096
1.04649 -2.2096
3.08587 -2.1433
5.73202 -2.0433
7.94441 -1.9433
9.88523 -1.8433
11.638 -1.7433
13.1537 -1.6487
14.6689 -1.5487
16.0596 -1.4487
17.4613 -1.3487
18.8198 -1.2487
20.1303 -1.1487
21.3775 -1.0487
21.7875 -1.01472
21.7872 -1.01472
25.7059 -0.914722
27.7858 -0.814722
29.1424 -0.714722
30.2416 -0.614722
31.2086 -0.514722
32.0957 -0.414722
32.9301 -0.314722
33.178 -0.284055
33.9642 -0.184055
34.7213 -0.0840545
35.4517 0.0159455
36.1568 0.115945
36.8376 0.215945
37.4956 0.315945
37.5251 0.320511
38.1616 0.420511
38.7796 0.520511
39.3807 0.620511
39.9659 0.720511
40.5356 0.820511
41.0905 0.920511
41.6315 1.02051
41.6924 1.03193
42.2192 1.13193
42.7352 1.23193
43.2422 1.33193
43.7418 1.43193
44.2357 1.53193
44.7247 1.63193
45.2099 1.73193
45.2196 1.73389
45.7012 1.83389
46.1656 1.93389
46.622 2.03389
47.0468 2.13389
47.4481 2.23389
47.8321 2.33389
48.1635 2.43389
48.1757 2.43783
48.4274 2.53783
48.6733 2.63783
48.8845 2.73783
49.0582 2.83783
49.2301 2.93783
49.4023 3.03783
49.5795 3.1324
43.3516 3.0324
37.2531 2.9324
31.3941 2.8324
25.8236 2.7324
24.1965 2.70228
19.0271 2.60228
14.2043 2.50228
9.84679 2.40228
5.88635 2.30228
3.92637 2.24909
0.925646 2.14909
-1.58208 2.04909
-3.78394 1.94909
-5.78157 1.84909
-7.62077 1.74909
-9.28338 1.64909
-10.7866 1.54909
-10.8377 1.54555
-12.184 1.44555
-13.4679 1.34555
-14.7027 1.24555
-15.9154 1.14555
-17.1047 1.04555
-18.2613 0.945548
-19.3204 0.850668
-20.3964 0.750668
-21.4891 0.650668
-22.5874 0.550668
-23.6517 0.450668
-24.6789 0.350668
-25.6752 0.250668
-26.6479 0.150668
-26.8285 0.131771
-27.7686 0.0317714
-28.6841 -0.0682286
-29.5773 -0.168229
-30.4503 -0.268229
-31.3052 -0.368229
-32.1436 -0.468229
-32.8611 -0.555274
-33.6724 -0.655274
-34.4711 -0.755274
-35.2582 -0.855274
-36.0345 -0.955274
-36.8011 -1.05527
-37.5588 -1.15527
-38.308 -1.25527
-38.3814 -1.26512
-39.1221 -1.36512
-39.8558 -1.46512
-40.5828 -1.56512
-41.3036 -1.66512
-42.0092 -1.76512
-42.6998 -1.86512
-43.3488 -1.96512
-43.4117 -1.97492
-44.0513 -2.07492
-44.6656 -2.17492
-45.2312 -2.27492
-45.7673 -2.37492
-46.2843 -2.47492
-46.7566 -2.57492
-47.1791 -2.67492
-47.1987 -2.67968
-47.5874 -2.77968
-47.9493 -2.87968
-48.2655 -2.97968
-48.5395 -3.07968
-48.809 -3.17968
-49.0738 -3.27968
-49.3314 -3.37968
-49.3683 -3.39468
-42.6908 -3.29468
-36.1876 -3.19468
-29.9328 -3.09468
-24.059 -2.99468
-21.3114 -2.94492
-16.1255 -2.84492
-11.3879 -2.74492
-7.17956 -2.64492
-3.46292 -2.54492
-0.390769 -2.44492
0.111567 -2.42759
2.6502 -2.32759
4.89353 -2.22759
6.75984 -2.12759
8.39572 -2.02759
9.82817 -1.92759
11.1419 -1.82759
11.4409 -1.80389
12.6467 -1.70389
13.7854 -1.60389
14.8649 -1.50389
15.9317 -1.40389
17.001 -1.30389
18.0491 -1.20389
19.0476 -1.10661
20.0902 -1.00661
21.1213 -0.906612
22.1264 -0.806612
23.1116 -0.706612
24.0727 -0.606612
25.0117 -0.506612
25.9299 -0.406612
26.2323 -0.373228
27.1252 -0.273228
28.0012 -0.173228
28.8611 -0.0732276
29.7061 0.0267724
30.537 0.126772
31.355 0.226772
32.1611 0.326772
32.1863 0.329921
32.9809 0.429921
33.7651 0.529921
34.5397 0.629921
35.3053 0.729921
36.0625 0.829921
36.812 0.929921
37.5538 1.02992
37.5745 1.03271
38.3095 1.13271
39.0385 1.23271
39.7613 1.33271
40.4784 1.43271
41.19 1.53271
41.8964 1.63271
42.4733 1.71622
43.1506 1.81622
43.7932 1.91622
44.4189 2.01622
45.024 2.11622
45.5792 2.21622
46.0813 2.31622
46.5786 2.41622
46.7303 2.44688
47.1869 2.54688
47.5618 2.64688
47.919 2.74688
48.2233 2.84688
48.4539 2.94688
48.6701 3.04688
48.8812 3.14688
48.9075 3.15948
42.6939 3.05948
36.5972 2.95948
30.7358 2.85948
25.1678 2.75948
21.9692 2.69952
16.9433 2.59952
12.3019 2.49952
8.14262 2.39952
4.34763 2.29952
2.40813 2.24003
-0.325157 2.14003
-2.67917 2.04003
-4.75915 1.94003
-6.62948 1.84003
-8.40469 1.74003
-9.9405 1.64003
-11.3525 1.54003
-11.4359 1.53374
-12.7041 1.43374
-13.9173 1.33374
-15.0953 1.23374
-16.2621 1.13374
-17.3941 1.03374
-18.5069 0.933737
-19.548 0.83925
-20.6216 0.73925
-21.7496 0.63925
-22.8565 0.53925
-23.9289 0.43925
-24.9687 0.33925
-25.9854 0.23925
-26.8511 0.152204
-27.8228 0.0522044
-28.7722 -0.0477956
-29.7012 -0.147796
-30.6117 -0.247796
-31.5058 -0.347796
-32.3848 -0.447796
-33.25 -0.547796
-33.3378 -0.55803
-34.1891 -0.65803
-35.029 -0.75803
-35.8584 -0.85803
-36.678 -0.95803
-37.4887 -1.05803
-38.2911 -1.15803
-39.0858 -1.25803
-39.8733 -1.35803
-40.6525 -1.45803
-41.4045 -1.55803
-42.1326 -1.65803
-42.8287 -1.75803
-43.5081 -1.85803
-44.1529 -1.95803
-44.3071 -1.98319
-44.877 -2.08319
-45.4419 -2.18319
-46.002 -2.28319
-46.4846 -2.38319
-46.9177 -2.48319
-47.3124 -2.58319
-47.6387 -2.67023
-47.9678 -2.77023
-48.2446 -2.87023
-48.4931 -2.97023
-48.7249 -3.07023
-48.9452 -3.17023
-49.1604 -3.27023
-49.3704 -3.37023
-49.4197 -3.39389
-42.8277 -3.29389
-36.4124 -3.19389
-30.2443 -3.09389
-24.3987 -2.99389
-22.1693 -2.95358
-16.9372 -2.85358
-12.1465 -2.75358
-7.89592 -2.65358
-4.09161 -2.55358
-0.981187 -2.45358
-0.283883 -2.42956
2.28478 -2.32956
4.50326 -2.22956
6.40741 -2.12956
8.03957 -2.02956
9.44601 -1.92956
10.7254 -1.82956
11.0366 -1.80389
12.192 -1.70389
13.2793 -1.60389
14.3146 -1.50389
15.3009 -1.40389
16.2647 -1.30389
17.2359 -1.20389
18.1787 -1.10389
18.4892 -1.07086
18.489 -1.07086
20.3494 -1.02086
21.8152 -0.970864
23.5464 -0.870864
24.7184 -0.770864
25.7667 -0.670864
26.7327 -0.570864
27.6344 -0.470864
28.4892 -0.370864
29.0453 -0.303306
29.8431 -0.203306
30.6179 -0.103306
31.3763 -0.00330648
32.123 0.0966935
32.8612 0.196694
33.5926 0.296694
34.2078 0.381417
34.9294 0.481417
35.6468 0.581417
36.3602 0.681417
37.0698 0.781417
37.7759 0.881417
38.4787 0.981417
39.1784 1.08142
39.3457 1.10539
40.0418 1.20539
40.7353 1.30539
41.4264 1.40539
42.1154 1.50539
42.7953 1.60539
43.4608 1.70539
44.1008 1.80539
44.6251 1.88984
45.2295 1.98984
45.8078 2.08984
46.3174 2.18984
46.8243 2.28984
47.3292 2.38984
47.7545 2.48984
48.1464 2.58984
48.2828 2.62917
48.6285 2.72917
48.9376 2.82917
49.1771 2.92917
49.3835 3.02917
49.5655 3.12917
49.7023 3.22917
49.8358 3.32917
49.9356 3.4046
43.7466 3.3046
37.6897 3.2046
31.8422 3.1046
26.3071 3.0046
21.9622 2.92263
17.0222 2.82263
12.5101 2.72263
8.43461 2.62263
4.71998 2.52263
1.66589 2.42263
-0.880193 2.32263
-3.07208 2.22263
-4.1848 2.16527
-6.03238 2.06527
-7.71788 1.96527
-9.2482 1.86527
-10.6276 1.76527
-11.8393 1.66527
-12.7479 1.58468
-13.8269 1.48468
-14.873 1.38468
-15.8978 1.28468
-16.8905 1.18468
-17.87 1.08468
-18.8458 0.984682
-19.6597 0.900904
-20.6256 0.800904
-21.5963 0.700904
-22.6453 0.600904
-23.6788 0.500904
-24.694 0.400904
-25.6857 0.300904
-26.6624 0.200904
-27.219 0.143149
-28.1672 0.0431493
-29.0981 -0.0568507
-30.0128 -0.156851
-30.9129 -0.256851
-31.7997 -0.356851
-32.6744 -0.456851
-33.5377 -0.556851
-33.9677 -0.607125
-34.8156 -0.707125
-35.6543 -0.807125
-36.4842 -0.907125
-37.3061 -1.00712
-38.1206 -1.10712
-38.9279 -1.20712
-39.7287 -1.30712
-40.3078 -1.38059
-41.0755 -1.48059
-41.8065 -1.58059
-42.5181 -1.68059
-43.2051 -1.78059
-43.828 -1.88059
-44.4164 -1.98059
-44.9995 -2.08059
-45.2615 -2.12578
-45.7674 -2.22578
-46.2249 -2.32578
-46.6375 -2.42578
-47.0367 -2.52578
-47.373 -2.62578
-47.6643 -2.72578
-47.9407 -2.82578
-48.0739 -2.87767
-48.3229 -2.97767
-48.5563 -3.07767
-48.7806 -3.17767
-48.9985 -3.27767
-49.2122 -3.37767
-49.4105 -3.47767
-49.6008 -3.57767
-49.7407 -3.65232
-43.1683 -3.55232
-36.7727 -3.45232
-30.5899 -3.35232
-24.8167 -3.25232
-20.9949 -3.18291
-15.922 -3.08291
-11.2466 -2.98291
-7.21905 -2.88291
-3.57881 -2.78291
-0.572724 -2.68291
1.99762 -2.58291
4.20176 -2.48291
5.49242 -2.41814
7.21043 -2.31814
8.70807 -2.21814
10.0223 -2.11814
11.1887 -2.01814
12.2642 -1.91814
12.6308 -1.88232
13.59 -1.78232
14.4878 -1.68232
15.3132 -1.58232
16.1063 -1.48232
16.8529 -1.38232
17.6188 -1.28232
18.3822 -1.18232
18.8022 -1.12508
19.5615 -1.02508
20.3273 -0.925076
21.1362 -0.825076
21.9671 -0.725076
22.8435 -0.625076
23.7384 -0.525076
24.6267 -0.425076
25.0734 -0.374409
25.9466 -0.274409
26.8105 -0.174409
27.6654 -0.0744087
28.5117 0.0255913
29.3497 0.125591
30.1797 0.225591
31.0024 0.325591
31.2405 0.354684
32.0541 0.454684
32.8612 0.554684
33.6618 0.654684
34.4563 0.754684
35.2449 0.854684
36.0276 0.954684
36.8049 1.05468
37.418 1.13405
38.1857 1.23405
38.9485 1.33405
39.7063 1.43405
40.457 1.53405
41.1865 1.63405
41.8906 1.73405
42.5728 1.83405
42.9524 1.89102
43.5962 1.99102
44.1819 2.09102
44.7536 2.19102
45.3206 2.29102
45.8303 2.39102
46.2988 2.49102
46.7323 2.59102
46.971 2.64803
47.3572 2.74803
47.6903 2.84803
47.9824 2.94803
48.2541 3.04803
48.5079 3.14803
48.7353 3.24803
48.951 3.34803
49.0891 3.41444
42.8946 3.31444
36.8384 3.21444
31.0093 3.11444
25.4824 3.01444
20.2315 2.91476
15.4023 2.81476
11.0125 2.71476
7.06022 2.61476
3.485 2.51476
0.604363 2.41476
-1.78352 2.31476
-3.87874 2.21476
-4.66182 2.17468
-6.46797 2.07468
-8.13885 1.97468
-9.63829 1.87468
-10.9678 1.77468
-12.135 1.67468
-12.4446 1.64685
-13.5273 1.54685
-14.5669 1.44685
-15.5707 1.34685
-16.5512 1.24685
-17.5086 1.14685
-18.4522 1.04685
-19.3911 0.946847
-19.8327 0.90051
-20.7705 0.80051
-21.725 0.70051
-22.7568 0.60051
-23.7656 0.50051
-24.7632 0.40051
-25.7385 0.30051
-26.6942 0.20051
-27.3314 0.133346
-28.2656 0.0333462
-29.1836 -0.0666538
-30.0867 -0.166654
-30.9764 -0.266654
-31.854 -0.366654
-32.7203 -0.466654
-33.5762 -0.566654
-33.9199 -0.607125
-34.7625 -0.707125
-35.5966 -0.807125
-36.4226 -0.907125
-37.2413 -1.00712
-38.053 -1.10712
-38.8581 -1.20712
-39.6571 -1.30712
-40.0933 -1.36291
-40.8612 -1.46291
-41.5886 -1.56291
-42.2981 -1.66291
-42.9841 -1.76291
-43.6009 -1.86291
-44.1923 -1.96291
-44.7788 -2.06291
-45.145 -2.12657
-45.6243 -2.22657
-46.0751 -2.32657
-46.4869 -2.42657
-46.8903 -2.52657
-47.2193 -2.62657
-47.5135 -2.72657
-47.8 -2.82657
-47.9466 -2.88161
-48.204 -2.98161
-48.4484 -3.08161
-48.6848 -3.18161
-48.9132 -3.28161
-49.134 -3.38161
-49.3486 -3.48161
-49.5591 -3.58161
-49.7048 -3.65271
-43.1316 -3.55271
-36.7379 -3.45271
-30.5521 -3.35271
-24.7803 -3.25271
-19.5647 -3.15621
-14.5794 -3.05621
-10.1024 -2.95621
-6.12209 -2.85621
-2.68953 -2.75621
0.198133 -2.65621
2.64487 -2.55621
4.80436 -2.45621
5.52235 -2.41814
7.23796 -2.31814
8.74559 -2.21814
10.0375 -2.11814
11.2161 -2.01814
12.2895 -1.91814
13.0589 -1.8411
14.0027 -1.7411
14.8543 -1.6411
15.6616 -1.5411
16.4324 -1.4411
17.1608 -1.3411
17.9154 -1.2411
18.497 -1.16319
18.497 -1.16319
19.2202 -1.06319
19.9565 -0.963187
20.7154 -0.863187
21.504 -0.763187
22.3275 -0.663187
23.21 -0.563187
24.0968 -0.463187
24.9733 -0.363187
25.5377 -0.298188
26.3988 -0.198188
27.2516 -0.0981884
28.0966 0.00181162
28.934 0.101812
29.7641 0.201812
30.5873 0.301812
31.4042 0.401812
31.6472 0.431692
32.4562 0.531692
33.2594 0.631692
34.0569 0.731692
34.8491 0.831692
35.6361 0.931692
36.418 1.03169
37.195 1.13169
37.9674 1.23169
38.0113 1.2374
38.7787 1.3374
39.5417 1.4374
40.2997 1.5374
41.035 1.6374
41.7466 1.7374
42.4352 1.8374
43.1055 1.9374
43.7283 2.0374
43.8507 2.05838
44.431 2.15838
45.0067 2.25838
45.5504 2.35838
46.0288 2.45838
46.4851 2.55838
46.9123 2.65838
47.2939 2.75838
47.6285 2.85838
47.6664 2.87078
47.9662 2.97078
48.2386 3.07078
48.4938 3.17078
48.7298 3.27078
48.9497 3.37078
49.1611 3.47078
49.3664 3.57078
49.5533 3.67078
49.5863 3.69334
43.3988 3.59334
37.3467 3.49334
31.505 3.39334
25.9812 3.29334
20.7509 3.19334
19.0525 3.15952
14.3358 3.05952
10.096 2.95952
6.23214 2.85952
2.80415 2.75952
0.0450526 2.65952
-2.32333 2.55952
-4.35747 2.45952
-6.14236 2.36173
-7.80729 2.26173
-9.38969 2.16173
-10.7575 2.06173
-11.9541 1.96173
-13.026 1.86173
-13.8349 1.782
-14.8156 1.682
-15.7099 1.582
-16.5664 1.482
-17.408 1.382
-18.2277 1.282
-19.0354 1.182
-19.8357 1.082
-20.6392 0.982004
-20.9239 0.946494
-21.7508 0.846494
-22.6082 0.746494
-23.5478 0.646494
-24.4816 0.546494
-25.4057 0.446494
-26.3135 0.346494
-27.2081 0.246494
-28.0951 0.146494
-28.1457 0.140787
-29.0186 0.0407871
-29.8799 -0.0592129
-30.7301 -0.159213
-31.5704 -0.259213
-32.4014 -0.359213
-33.2237 -0.459213
-34.0378 -0.559213
-34.8445 -0.659213
-34.8525 -0.660196
-35.6518 -0.760196
-36.4445 -0.860196
-37.2308 -0.960196
-38.0112 -1.0602
-38.7859 -1.1602
-39.5551 -1.2602
-40.3191 -1.3602
-41.0781 -1.4602
-41.1466 -1.4698
-41.8568 -1.5698
-42.5512 -1.6698
-43.2227 -1.7698
-43.8202 -1.8698
-44.4052 -1.9698
-44.9855 -2.0698
-45.5086 -2.1698
-45.9679 -2.2698
-46.0303 -2.28452
-46.4379 -2.38452
-46.8395 -2.48452
-47.1957 -2.58452
-47.4876 -2.68452
-47.7693 -2.78452
-48.0337 -2.88452
-48.2821 -2.98452
-48.5182 -3.08452
-48.5632 -3.10393
-48.7918 -3.20393
-49.0122 -3.30393
-49.2251 -3.40393
-49.434 -3.50393
-49.6382 -3.60393
-49.829 -3.70393
-50.0118 -3.80393
-50.192 -3.90393
-50.2178 -3.91791
-43.6583 -3.81791
-37.2815 -3.71791
-31.1611 -3.61791
-25.3666 -3.51791
-19.9862 -3.41791
-18.7882 -3.39468
-13.9613 -3.29468
-9.64295 -3.19468
-5.80072 -3.09468
-2.45766 -2.99468
0.292758 -2.89468
2.65853 -2.79468
4.71983 -2.69468
5.25386 -2.66732
7.02725 -2.56732
8.4951 -2.46732
9.79059 -2.36732
10.9468 -2.26732
12.0017 -2.16732
12.9649 -2.06732
13.4418 -2.01484
14.2961 -1.91484
15.093 -1.81484
15.8356 -1.71484
16.5304 -1.61484
17.1817 -1.51484
17.7992 -1.41484
18.4064 -1.31484
18.9819 -1.2209
19.6154 -1.1209
20.2436 -1.0209
20.9057 -0.920903
21.6103 -0.820903
22.3612 -0.720903
23.1632 -0.620903
24.0194 -0.520903
24.8708 -0.420903
25.2813 -0.372401
26.1262 -0.272401
26.9669 -0.172401
27.8014 -0.0724008
28.6297 0.0275992
29.4519 0.127599
30.2681 0.227599
31.0785 0.327599
31.8834 0.427599
31.9762 0.439172
32.7749 0.539172
33.5682 0.639172
34.3562 0.739172
35.139 0.839172
35.9167 0.939172
36.6894 1.03917
37.4573 1.13917
38.2203 1.23917
38.2607 1.24449
39.0188 1.34449
39.7723 1.44449
40.514 1.54449
41.2398 1.64449
41.9317 1.74449
42.6084 1.84449
43.2666 1.94449
43.8661 2.04449
43.9326 2.05606
44.5049 2.15606
45.0725 2.25606
45.6077 2.35606
46.0788 2.45606
46.5226 2.55606
46.9432 2.65606
47.3275 2.75606
47.6545 2.85606
47.7438 2.8861
48.0371 2.9861
48.3033 3.0861
48.5492 3.1861
48.7781 3.2861
48.9938 3.3861
49.2012 3.4861
49.4011 3.5861
49.5969 3.6861
49.624 3.7083
43.4422 3.6083
37.3934 3.5083
31.5539 3.4083
26.0124 3.3083
20.7774 3.2083
18.5945 3.16385
13.9412 3.06385
9.74457 2.96385
5.92729 2.86385
2.56593 2.76385
-0.144611 2.66385
-2.49005 2.56385
-4.48748 2.46385
-5.72559 2.39791
-7.43 2.29791
-9.0147 2.19791
-10.4454 2.09791
-11.6854 1.99791
-12.7782 1.89791
-13.7952 1.79791
-14.1132 1.76551
-15.0721 1.66551
-15.9387 1.56551
-16.7798 1.46551
-17.6073 1.36551
-18.4116 1.26551
-19.2089 1.16551
-20.0021 1.06551
-20.797 0.965508
-20.873 0.955904
-21.6893 0.855904
-22.5105 0.755904
-23.4218 0.655904
-24.3458 0.555904
-25.2562 0.455904
-26.1589 0.355904
-27.0473 0.255904
-27.9223 0.155904
-28.0949 0.136063
-28.9632 0.0360627
-29.8198 -0.0639373
-30.6658 -0.163937
-31.5021 -0.263937
-32.3295 -0.363937
-33.1485 -0.463937
-33.9596 -0.563937
-34.7634 -0.663937
-34.9221 -0.683778
-35.7177 -0.783778
-36.5069 -0.883778
-37.2901 -0.983778
-38.0675 -1.08378
-38.8395 -1.18378
-39.6062 -1.28378
-40.368 -1.38378
-41.1165 -1.48378
-41.1234 -1.48472
-41.8321 -1.58472
-42.5236 -1.68472
-43.1871 -1.78472
-43.7795 -1.88472
-44.3645 -1.98472
-44.9448 -2.08472
-45.45 -2.18472
-45.9063 -2.28472
-45.985 -2.30377
-46.3938 -2.40377
-46.7967 -2.50377
-47.1347 -2.60377
-47.426 -2.70377
-47.7103 -2.80377
-47.9733 -2.90377
-48.2231 -3.00377
-48.4614 -3.10377
-48.5208 -3.12909
-48.7518 -3.22909
-48.9736 -3.32909
-49.1898 -3.42909
-49.4022 -3.52909
-49.6095 -3.62909
-49.8122 -3.72909
-50.0106 -3.82909
-50.1999 -3.92657
-43.6412 -3.82657
-37.2655 -3.72657
-31.146 -3.62657
-25.3509 -3.52657
-19.971 -3.42657
-18.5934 -3.3998
-13.785 -3.2998
-9.48099 -3.1998
-5.66376 -3.0998
-2.34179 -2.9998
0.412976 -2.8998
2.74977 -2.7998
4.78918 -2.6998
6.54418 -2.60397
8.08925 -2.50397
9.45601 -2.40397
10.6368 -2.30397
11.7192 -2.20397
12.7057 -2.10397
13.6126 -2.00397
14.0646 -1.95145
14.8839 -1.85145
15.6301 -1.75145
16.3353 -1.65145
16.9973 -1.55145
17.6178 -1.45145
18.2226 -1.35145
18.8231 -1.25145
19.2464 -1.18201
19.246 -1.18201
22.192 -1.08201
23.3894 -0.982006
24.1701 -0.882006
24.8735 -0.782006
25.5451 -0.682006
26.31 -0.582006
27.1073 -0.482006
27.8799 -0.382006
28.6383 -0.282006
28.6748 -0.277165
29.4247 -0.177165
30.1694 -0.0771648
30.9104 0.0228352
31.6484 0.122835
32.3839 0.222835
33.1171 0.322835
33.8478 0.422835
34.1377 0.462598
34.8651 0.562598
35.5901 0.662598
36.3126 0.762598
37.0326 0.862598
37.7501 0.962598
38.465 1.0626
39.1774 1.1626
39.8872 1.2626
40.5801 1.36063
41.285 1.46063
41.9756 1.56063
42.6563 1.66063
43.3016 1.76063
43.9325 1.86063
44.5496 1.96063
45.1103 2.06063
45.6424 2.16063
46.043 2.23622
46.5645 2.33622
47.0163 2.43622
47.4289 2.53622
47.8119 2.63622
48.1915 2.73622
48.5094 2.83622
48.7668 2.93622
49.0206 3.03622
49.1288 3.08346
49.3429 3.18346
49.5366 3.28346
49.72 3.38346
49.8964 3.48346
50.042 3.58346
50.176 3.68346
50.2947 3.78346
50.3998 3.88346
50.503 3.98346
50.5197 3.9996
44.3583 3.8996
38.3342 3.7996
32.4573 3.6996
26.9151 3.5996
21.6748 3.4996
17.2796 3.41102
12.8593 3.31102
8.76062 3.21102
5.03287 3.11102
1.89494 3.01102
-0.730208 2.91102
-3.03587 2.81102
-4.99114 2.71102
-6.80389 2.61102
-7.84011 2.55039
-9.40006 2.45039
-10.857 2.35039
-12.0772 2.25039
-13.1531 2.15039
-14.1576 2.05039
-15.1058 1.95039
-15.2761 1.93189
-16.1315 1.83189
-16.9246 1.73189
-17.6954 1.63189
-18.4403 1.53189
-19.1321 1.43189
-19.816 1.33189
-20.4798 1.23189
-21.1779 1.13189
-21.7361 1.05039
-22.4132 0.950392
-23.1166 0.850392
-23.8393 0.750392
-24.6301 0.650392
-25.4727 0.550392
-26.3092 0.450392
-27.1421 0.350392
-27.9689 0.250392
-28.612 0.171653
-29.4241 0.0716532
-30.2288 -0.0283468
-31.024 -0.128347
-31.8106 -0.228347
-32.5892 -0.328347
-33.3602 -0.428347
-34.124 -0.528347
-34.8811 -0.628347
-35.2897 -0.682676
-36.037 -0.782676
-36.7784 -0.882676
-37.5142 -0.982676
-38.2446 -1.08268
-38.9699 -1.18268
-39.6902 -1.28268
-40.4058 -1.38268
-41.1169 -1.48268
-41.7042 -1.56574
-42.3941 -1.66574
-43.0574 -1.76574
-43.6488 -1.86574
-44.2339 -1.96574
-44.8143 -2.06574
-45.3198 -2.16574
-45.775 -2.26574
-46.1873 -2.36574
-46.3896 -2.41535
-46.7867 -2.51535
-47.1036 -2.61535
-47.3958 -2.71535
-47.68 -2.81535
-47.9401 -2.91535
-48.1874 -3.01535
-48.426 -3.11535
-48.658 -3.21535
-48.8458 -3.29881
-49.0636 -3.39881
-49.2779 -3.49881
-49.4872 -3.59881
-49.6916 -3.69881
-49.8918 -3.79881
-50.0882 -3.89881
-50.2714 -3.99881
-50.444 -4.09881
-50.5707 -4.17676
-44.0059 -4.07676
-37.6199 -3.97676
-31.5101 -3.87676
-25.6755 -3.77676
-20.2751 -3.67676
-15.4511 -3.58031
-10.9 -3.48031
-6.92946 -3.38031
-3.41645 -3.28031
-0.364095 -3.18031
2.16452 -3.08031
4.35152 -2.98031
6.30989 -2.88031
7.01063 -2.84291
8.60301 -2.74291
10.0198 -2.64291
11.2615 -2.54291
12.3755 -2.44291
13.3945 -2.34291
14.3423 -2.24291
15.2104 -2.14291
15.4983 -2.10826
16.2953 -2.00826
17.025 -1.90826
17.7144 -1.80826
18.3384 -1.70826
18.9038 -1.60826
19.441 -1.50826
19.9604 -1.40826
20.446 -1.30826
20.8114 -1.23267
21.3223 -1.13267
21.8484 -1.03267
22.4141 -0.932675
23.0143 -0.832675
23.6344 -0.732675
24.3129 -0.632675
25.0145 -0.532675
25.7645 -0.432675
26.3477 -0.356298
27.1069 -0.256298
27.8616 -0.156298
28.616 -0.0562985
29.3658 0.0437015
30.1107 0.143702
30.851 0.243702
31.5866 0.343702
32.3177 0.443702
32.5155 0.470865
33.2408 0.570865
33.9614 0.670865
34.6775 0.770865
35.3891 0.870865
36.0961 0.970865
36.7988 1.07087
37.4971 1.17087
38.1911 1.27087
38.8808 1.37087
38.9295 1.37795
39.6147 1.47795
40.2957 1.57795
40.9728 1.67795
41.646 1.77795
42.3123 1.87795
42.9612 1.97795
43.5579 2.07795
44.1247 2.17795
44.5479 2.25315
45.1067 2.35315
45.5915 2.45315
46.052 2.55315
46.4736 2.65315
46.8899 2.75315
47.2506 2.85315
47.5555 2.95315
47.8503 3.05315
47.9789 3.09999
48.2383 3.19999
48.4761 3.29999
48.6994 3.39999
48.9155 3.49999
49.1248 3.59999
49.3275 3.69999
49.5267 3.79999
49.7207 3.89999
49.9097 3.99999
49.9362 4.01535
43.7814 3.91535
37.7737 3.81535
31.909 3.71535
26.3847 3.61535
21.1782 3.51535
16.3421 3.41535
11.9893 3.31535
7.93768 3.21535
4.34324 3.11535
1.32199 3.01535
-1.23341 2.91535
-3.4193 2.81535
-5.32152 2.71535
-7.06731 2.61535
-7.67663 2.57913
-9.21673 2.47913
-10.6591 2.37913
-11.8894 2.27913
-12.9543 2.17913
-13.9357 2.07913
-14.8525 1.97913
-15.2291 1.93346
-16.0145 1.83346
-16.7547 1.73346
-17.4717 1.63346
-18.1579 1.53346
-18.8282 1.43346
-19.5048 1.33346
-20.1791 1.23346
-20.8573 1.13346
-21.4216 1.05079
-22.1214 0.950785
-22.8459 0.850785
-23.5833 0.750785
-24.366 0.650785
-25.2234 0.550785
-26.0662 0.450785
-26.8962 0.350785
-27.7268 0.250785
-28.4227 0.166535
-29.2397 0.0665351
-30.0524 -0.0334649
-30.8595 -0.133465
-31.6587 -0.233465
-32.4506 -0.333465
-33.2355 -0.433465
-34.0138 -0.533465
-34.786 -0.633465
-35.2844 -0.698424
-36.0469 -0.798424
-36.8041 -0.898424
-37.556 -0.998424
-38.303 -1.09842
-39.0452 -1.19842
-39.7829 -1.29842
-40.4931 -1.39842
-41.1985 -1.49842
-41.6461 -1.5622
-42.3327 -1.6622
-42.998 -1.7622
-43.589 -1.8622
-44.1705 -1.9622
-44.7477 -2.0622
-45.2652 -2.1622
-45.7214 -2.2622
-46.1308 -2.3622
-46.4284 -2.43582
-46.8196 -2.53582
-47.1291 -2.63582
-47.4177 -2.73582
-47.6966 -2.83582
-47.9549 -2.93582
-48.1986 -3.03582
-48.4348 -3.13582
-48.6649 -3.23582
-48.8439 -3.31614
-49.0603 -3.41614
-49.2736 -3.51614
-49.482 -3.61614
-49.686 -3.71614
-49.8863 -3.81614
-50.0832 -3.91614
-50.2773 -4.01614
-50.4686 -4.11614
-50.6401 -4.21495
-44.0773 -4.11495
-37.6941 -4.01495
-31.5775 -3.91495
-25.755 -3.81495
-20.3553 -3.71495
-15.3718 -3.61495
-14.4399 -3.59527
-10.0551 -3.49527
-6.11298 -3.39527
-2.72743 -3.29527
0.173011 -3.19527
2.61232 -3.09527
4.72996 -2.99527
6.63901 -2.89527
8.30396 -2.79527
9.03543 -2.74645
10.4029 -2.64645
11.5765 -2.54645
12.6621 -2.44645
13.6549 -2.34645
14.5707 -2.24645
15.4175 -2.14645
16.1767 -2.05039
16.9129 -1.95039
17.6008 -1.85039
18.2433 -1.75039
18.8054 -1.65039
19.3365 -1.55039
19.8537 -1.45039
20.3381 -1.35039
20.72 -1.26811
21.2049 -1.16811
21.7232 -1.06811
22.2578 -0.968108
22.8483 -0.868108
23.4488 -0.768108
24.0963 -0.668108
24.789 -0.568108
25.5151 -0.468108
26.0233 -0.401343
