3927.87 0.025
7722.41 0.05
13519 0.1
13581.3 0.100614
18677.4 0.154204
17855.7 0.145921
20279.8 0.172252
20516.9 0.174992
16184.4 0.131071
8809.38 0.064866
3965.99 0.0317165
844.248 0.0106614
-854.624 0.000133858
-2858.01 -0.0103937
-11954 -0.071055
-15312.5 -0.100614
-20698.2 -0.154204
-19800.2 -0.145921
-22114.4 -0.172252
-22295.9 -0.174992
-19972.4 -0.153031
-17595.9 -0.131071
-9756.1 -0.064866
-4808.42 -0.0317165
1527.63 0.0103937
9712.13 0.071055
12052.4 0.0914801
15265.4 0.121764
18149.6 0.150645
19284.4 0.162189
19995.2 0.16948
16784.7 0.136866
9987.18 0.0733699
2212.7 0.0155118
-2297.34 -0.0155905
-10777.3 -0.0726298
-13107 -0.0914801
-16579.3 -0.121764
-19719.1 -0.150645
-20946.9 -0.162189
-21717.5 -0.16948
-18229.5 -0.136866
-10872.1 -0.0733699
-2284.92 -0.0155118
101.451 3.937e-05
2223.26 0.0155905
9900.22 0.0726298
3511.64 0.0243937
5967.49 0.0417794
7441.79 0.0527873
8400.89 0.0603306
17263.3 0.141685
22987.6 0.207338
29339.2 0.307338
29439 0.308692
25587.7 0.263275
19255.8 0.190063
9885.83 0.0900626
9681.62 0.0880943
-2136.95 -0.0119057
-3954.56 -0.0243937
-6600.14 -0.0417794
-8181.73 -0.0527873
-9216.31 -0.0603306
-18759.1 -0.141685
-24539.8 -0.207338
-31552.7 -0.307338
-31650.3 -0.308692
-27494.8 -0.263275
-20648.3 -0.190063
-10561.6 -0.0900626
-10342.8 -0.0880943
-1648.42 -0.0158267
4929.7 0.0441416
6578.78 0.0586141
8689.73 0.0780943
15431.1 0.147181
21774.8 0.218803
28791.4 0.300976
25885.8 0.266724
17295.7 0.167905
10405.1 0.0946927
1777.52 0.0158267
-1462.17 -0.0141575
-5100.4 -0.0441416
-6881.07 -0.0586141
-9210.38 -0.0780943
-16503.7 -0.147181
-23364.7 -0.218803
-30948.6 -0.300976
-27813.7 -0.266724
-18520.1 -0.167905
-11075.1 -0.0946927
-6066.82 -0.0521259
-4008.34 -0.0351495
646.624 0.0055433
1283.01 0.011433
12064.2 0.111433
12899 0.120141
21891.2 0.220141
23602.8 0.24
31717.4 0.34
34812.3 0.383936
41529.6 0.483936
43211.3 0.515621
37122.8 0.439574
29059.5 0.339574
27812.4 0.324251
19543.3 0.224251
16179.3 0.184724
7176.54 0.084724
2443.9 0.0351495
-1090.59 -0.0055433
-1662.64 -0.011433
-12863.1 -0.111433
-13760.6 -0.120141
-23492.4 -0.220141
-25358.7 -0.24
-33990.9 -0.34
-37142.7 -0.383936
-43626.1 -0.483936
-45379.7 -0.515621
-38887.4 -0.439574
-30296.4 -0.339574
-28967.8 -0.324251
-20171.6 -0.224251
-16577.6 -0.184724
-7441.25 -0.084724
-7304.71 -0.0832597
-4318.49 -0.0517322
-1136.75 -0.0159842
369.558 0.00188976
1685.95 0.0197637
8609.21 0.119764
9614.98 0.133496
17619.7 0.233496
18391.8 0.242535
27411.3 0.342535
30695.2 0.377495
40015.7 0.477495
42690 0.509164
38025.7 0.450897
29975.4 0.350897
26951 0.313716
18669.3 0.213716
16232.2 0.185039
7356.86 0.085039
7190.42 0.0832597
4259.69 0.0517322
-1627.69 -0.0197637
-10470.1 -0.119764
-11713 -0.133496
-20766 -0.233496
-21571.5 -0.242535
-30403.9 -0.342535
-33469.5 -0.377495
-42063.1 -0.477495
-44591.9 -0.509164
-39619 -0.450897
-31040.1 -0.350897
-27816.1 -0.313716
-18991.1 -0.213716
-16373.5 -0.185039
-7685.68 -0.0892282
-8142.41 -0.0944093
-1313.89 -0.0194645
3264.52 0.0419054
10282.5 0.141905
15735.5 0.210944
24462.7 0.310944
29883.4 0.369165
39271.6 0.469165
43981.9 0.540582
46786.8 0.640582
48423.9 0.708723
40689.1 0.608723
40657.4 0.608314
32883.5 0.508314
28412.2 0.451212
20489.5 0.351212
15334 0.287795
6960.66 0.187795
874.117 0.0944093
-2824.66 0.0194645
-6120.4 -0.0419054
-13783.9 -0.141905
-19733.8 -0.210944
-28374.1 -0.310944
-33294.3 -0.369165
-41496.3 -0.469165
-46492.6 -0.540582
-49788.5 -0.640582
-51080.8 -0.708723
-42971.7 -0.608723
-42938.5 -0.608314
-34791.6 -0.508314
-30118.2 -0.451212
-21841.3 -0.351212
-16497.9 -0.287795
-8229.88 -0.187795
-2176.26 -0.109008
903.118 -0.0561574
5043.68 0.0362361
9808.73 0.136236
13831.2 0.212362
20194 0.312362
24586.6 0.374661
32098 0.474661
37441 0.544834
44533.9 0.644834
48426.6 0.716408
40702.2 0.616408
40659.5 0.615857
32898.4 0.515857
27571.6 0.447747
19652.1 0.347747
13580.8 0.273338
5420.55 0.173338
1471.53 0.109008
-1190.16 0.0561574
-5311.01 -0.0362361
-9826.72 -0.136236
-14258.9 -0.212362
-21530 -0.312362
-26407.8 -0.374661
-34404.1 -0.474661
-39825.2 -0.544834
-46707.6 -0.644834
-50396.3 -0.716408
-42301.2 -0.616408
-42256.5 -0.615857
-34124.5 -0.515857
-28555.4 -0.447747
-20293.1 -0.347747
-14012.3 -0.273338
-5969.65 -0.173338
-1737.92 -0.114976
1586.54 -0.0544771
-4446.16 -0.154477
-10911.4 -0.254477
-12370.1 -0.274228
-20226 -0.374228
-28939.6 -0.474228
-29455.7 -0.479914
-38701.1 -0.579914
-47655.5 -0.679914
-49412.9 -0.702756
-52367.2 -0.802756
-51947.3 -0.902756
-51758.2 -0.92134
-47891.7 -0.87134
-44022.9 -0.82134
-41659 -0.790808
-33913.3 -0.690808
-26176.2 -0.590808
-25848.5 -0.586575
-18131.6 -0.486575
-10484.1 -0.386575
-9573.64 -0.374133
-2728.37 -0.274133
2285.95 -0.174133
3582.2 -0.14171
6100.75 -0.0730046
7073.92 -0.047107
528.131 -0.147107
-4617.06 -0.247107
-6242.62 -0.27607
-12222.7 -0.37607
-19294.3 -0.47607
-20108.2 -0.487059
-27848 -0.587059
-35815.3 -0.687059
-37471.6 -0.708284
-44716 -0.808284
-50148.8 -0.908284
-50691.8 -0.93133
-42973.7 -0.83133
-40600.1 -0.800614
-32876.7 -0.700614
-25165.6 -0.600614
-23738.2 -0.582071
-16058.9 -0.482071
-8610.11 -0.382071
-6702.84 -0.355339
-583.361 -0.255339
3837.41 -0.155339
4057.34 -0.149469
-1970.81 -0.249469
-4156.17 -0.28744
2227.46 -0.18744
5603.71 -0.110472
9940.22 -0.016496
14580 0.083504
19064.3 0.183504
20557.9 0.216023
24955.4 0.316023
30471.2 0.416023
36499.2 0.505904
42819.2 0.605904
48057.6 0.705904
49799.3 0.773424
51262.1 0.873424
51938.2 0.973424
51958 1.01893
44538.3 0.918935
41491.8 0.877912
34060.6 0.777912
26649 0.677912
21756.3 0.612007
14304 0.512007
7088.45 0.412007
2988.91 0.336614
-1102.17 0.236614
-4735.48 0.136614
-6031.43 0.0962597
-7727.14 0.0405905
-10599 -0.0594095
-13503.6 -0.15941
-15149.9 -0.212755
-18948.1 -0.312755
-24292.8 -0.412755
-26996.4 -0.461771
-32475.4 -0.561771
-37650.4 -0.661771
-40871.2 -0.728502
-45281.3 -0.828502
-48675.6 -0.928502
-49130.2 -0.981061
-49648.6 -1.08106
-49834.4 -1.18106
-50081.9 -1.26
-42611.2 -1.16
-39318.6 -1.11582
-31920.5 -1.01582
-24638.5 -0.915825
-19731 -0.847164
-12781 -0.747164
-6332.66 -0.647164
-4110.85 -0.607558
883.986 -0.507558
4625.76 -0.407558
5798.06 -0.36996
8685.68 -0.26996
9061.91 -0.257244
11874.8 -0.157244
14651.5 -0.0572436
15753.6 -0.0168897
18292 0.0831103
20497.3 0.18311
21729.3 0.245866
23752.9 0.345866
25790.7 0.445866
28089.6 0.507479
32762.3 0.607479
37601.2 0.707479
40315.2 0.765156
44716.8 0.865156
48396.4 0.965156
49546.6 1.02838
42152.2 0.928384
38446.3 0.878305
31068.9 0.778305
23734.9 0.678305
19559.5 0.621022
12329.1 0.521022
5455.15 0.421022
1542.78 0.337007
-2305.26 0.237007
-5663.32 0.137007
-7450.29 0.0762203
-9010.41 0.0201574
-11672.7 -0.0798426
-14329.7 -0.179843
-15000.2 -0.205275
-17910.4 -0.305275
-21365.5 -0.405275
-24176.1 -0.473582
-28436.4 -0.573582
-32593.6 -0.673582
-34160.2 -0.713581
-37803.6 -0.813581
-41004.6 -0.913581
-43600.2 -1.00933
-45801.4 -1.10933
-47569.5 -1.20933
-48359.4 -1.26078
-40886 -1.16078
-36921.6 -1.1076
-29547.2 -1.0076
-22283.8 -0.907596
-18013.9 -0.847557
-11131.3 -0.747557
-4987.14 -0.647557
-1872.18 -0.589881
2635.6 -0.489881
5950.05 -0.389881
6544.04 -0.36996
6543.95 -0.36996
10908.8 -0.26996
14753.2 -0.16996
18510.8 -0.0699599
19448 -0.0435432
22603.2 0.0564568
25144.8 0.156457
26803.2 0.245984
28135.3 0.345984
29272.1 0.445984
30919.7 0.545984
31904.4 0.570865
36263.5 0.670865
40720.5 0.770865
44047.8 0.851337
47724.1 0.951337
50421.5 1.05134
50868.5 1.09354
50448.1 1.19354
50235.2 1.29354
50250.8 1.30968
43130.7 1.20968
36050.8 1.10968
35748.6 1.10539
28766 1.00539
21872.7 0.905391
15134 0.805391
12904.7 0.771849
6553.63 0.671849
3893.11 0.621849
1783.85 0.571849
-1946.48 0.471849
-3388.93 0.430472
-6578.98 0.330472
-9366.09 0.230472
-11863.5 0.130472
-12516.4 0.103228
-14861 0.00322814
-17063.4 -0.0967719
-19348.7 -0.196772
-19805.3 -0.218464
-21792.9 -0.318464
-23743.6 -0.418464
-26346.7 -0.518464
-27065 -0.538621
-30917 -0.638621
-34692.5 -0.738621
-38134.2 -0.838621
-38466.1 -0.848935
-41439.8 -0.948935
-43943.8 -1.04894
-45949.2 -1.14894
-46176.9 -1.16201
-47714.1 -1.26201
-47758.9 -1.26523
-48806.9 -1.36523
-49162.5 -1.46523
-49225.3 -1.55547
-41887 -1.45547
-34619.4 -1.35547
-34222.5 -1.34996
-27118 -1.24996
-20196.9 -1.14996
-13549.2 -1.04996
-10533.4 -1.00228
-4766.54 -0.902281
100.887 -0.802281
3931.65 -0.702281
5104.84 -0.664447
7887.81 -0.564447
10524.5 -0.464447
13028.1 -0.364447
13679.5 -0.338385
16106 -0.238385
18313.1 -0.138385
20167.8 -0.0383852
20541 -0.0155118
21999.3 0.0844882
23244.4 0.184488
24308.3 0.284488
24424 0.296377
25316.1 0.396377
25781.8 0.446377
26342.6 0.496377
28332.6 0.580353
31958.6 0.680353
35532.2 0.780353
38896.9 0.880353
39525.5 0.900116
42498.1 1.00012
44447.8 1.07453
46647.8 1.17453
48358.8 1.27453
48612.8 1.33248
41528.5 1.23248
34492.4 1.13248
31977.5 1.09638
25088.8 0.996376
18337.1 0.896376
11796.3 0.796376
10874 0.781691
4773.63 0.681691
526.722 0.581691
-3075.59 0.481691
-4120.18 0.450905
-7198.08 0.350905
-9879.41 0.250905
-12404.6 0.150905
-13536.5 0.104409
-15794.5 0.00440924
-18000.9 -0.0955908
-20080.5 -0.195591
-20320.4 -0.208267
-22115.2 -0.308267
-23878.5 -0.408267
-25953.4 -0.508267
-26272.4 -0.519763
-29402.3 -0.619763
-32723.4 -0.719763
-35905.4 -0.819763
-36749.4 -0.848542
-39426.3 -0.948542
-41685.2 -1.04854
-43560.5 -1.14854
-44033.8 -1.17693
-45433.7 -1.26956
-46742.2 -1.36956
-47905.4 -1.46956
-48870.9 -1.5637
-41537.9 -1.4637
-34840.9 -1.37157
-27723.2 -1.27157
-20784.2 -1.17157
-14107.8 -1.07157
-9969.98 -1.00582
-4311.63 -0.905825
465.922 -0.805825
4192.09 -0.705825
4744.4 -0.68803
7563.87 -0.58803
10193.1 -0.48803
12702.3 -0.38803
13893.8 -0.339566
13893.8 -0.339566
16415.5 -0.239566
16804 -0.222244
18774.4 -0.122244
20416 -0.0222437
21384.7 0.0471259
22618.4 0.147126
23698.6 0.247126
24640 0.347126
25231.3 0.417952
26232 0.517952
28169.8 0.617952
31582.2 0.717952
35099 0.817046
38505.3 0.917046
41572.9 1.01705
44217.5 1.11705
45263.3 1.16271
47199.9 1.26271
48538 1.36271
48695.9 1.46271
49037.3 1.56271
49055.8 1.56811
42089.2 1.46811
35175.4 1.36811
31804.2 1.31866
25108.8 1.21866
18592.8 1.11866
12253.5 1.01866
8401.72 0.954132
3038.53 0.854132
-786.189 0.754132
-4137.6 0.654132
-6623.82 0.572322
-9298 0.472322
-11724.2 0.372322
-14065.2 0.272322
-14417.8 0.257007
-16604.5 0.157007
-18467.4 0.0637794
-20304.6 -0.0362206
-21865.6 -0.136221
-23195.7 -0.236221
-24059.6 -0.303897
-25353.6 -0.403897
-26930.2 -0.503897
-29638.3 -0.603897
-32240.3 -0.687676
-35352.7 -0.787676
-38153 -0.887676
-40564.8 -0.987676
-42160.3 -1.06516
-43912.5 -1.16516
-45391.4 -1.26516
-46663.9 -1.36516
-47038.8 -1.39704
-48131.5 -1.49704
-49006.6 -1.59704
-49145.2 -1.69704
-49314 -1.77574
-42053.3 -1.67574
-34876.8 -1.57574
-33297.4 -1.55342
-26353.4 -1.45342
-19630.3 -1.35342
-13224 -1.25342
-9300.58 -1.18815
-3903.41 -1.08815
647.208 -0.988147
4259.37 -0.888147
6111.92 -0.824014
8679.56 -0.724014
11141.9 -0.624014
13460.7 -0.524014
14169 -0.493779
16394.5 -0.393779
18231.1 -0.304803
19958.2 -0.204803
21415.9 -0.104803
22614.8 -0.00480254
23162.5 0.0467322
24114.9 0.146732
24939.9 0.246732
25657.4 0.346732
26277.1 0.445432
27194.5 0.545432
29430.1 0.645432
32368.4 0.745432
34845.9 0.827242
37670.6 0.927242
40192.8 1.02724
42396.2 1.12724
43668.1 1.19299
45349.4 1.29299
46771.2 1.39299
47998.9 1.49299
48786.7 1.56929
41823.1 1.46929
34919 1.36929
31556.7 1.31984
24882.3 1.21984
18391.7 1.11984
12109.9 1.01984
8833.14 0.964368
3447.89 0.864368
-424.463 0.764368
-3792.07 0.664368
-6327.98 0.582164
-9039.47 0.482164
-11489.9 0.382164
-13837.9 0.282164
-15654.3 0.201929
-17700.3 0.101929
-18819.2 0.0457086
-20567.1 -0.0542914
-22057 -0.154291
-23322.5 -0.254291
-23968.4 -0.304291
-25237.8 -0.404291
-26717.5 -0.504291
-28975.2 -0.604291
-30812.8 -0.673542
-33580.9 -0.773542
-36286.1 -0.873542
-38683.6 -0.973542
-40128.7 -1.04236
-41951.4 -1.14236
-43492.6 -1.24236
-44812.9 -1.34236
-45625.6 -1.41082
-46708.7 -1.51082
-47695.5 -1.61082
-48606.7 -1.71082
-49145.6 -1.78598
-41889.7 -1.68598
-34718.9 -1.58598
-32477 -1.55421
-25561 -1.45421
-18876.6 -1.35421
-12528.2 -1.25421
-8084.27 -1.1787
-2873.29 -1.0787
1487.38 -0.978698
4891.97 -0.878698
6687.21 -0.814172
9196.37 -0.714172
11639.6 -0.614172
13463.9 -0.534645
13463.9 -0.534645
17798.8 -0.434645
21901.6 -0.334645
24950.1 -0.234645
25218.7 -0.22307
27029.9 -0.12307
28126.3 -0.0230704
28763.7 0.0679526
29253 0.167953
29617.8 0.267953
29907.6 0.367953
30149.3 0.467953
30207.8 0.494606
30265.1 0.521259
31722.6 0.621259
34180.8 0.721259
36832.4 0.821259
39400.6 0.921259
40060.5 0.94862
42292.2 1.04862
44227.9 1.14862
45871.1 1.24862
47252.4 1.34862
47845.7 1.39724
48946.6 1.49724
49924.5 1.59724
50162.1 1.69724
50136.2 1.79724
50069 1.82346
43223.7 1.72346
36448.2 1.62346
32098.7 1.5583
25579.9 1.4583
19255.4 1.3583
13159.1 1.2583
7445.96 1.1583
5983.9 1.13173
1569.5 1.03173
-1900.14 0.93173
-5036.89 0.83173
-7842.13 0.73173
-8246.95 0.71614
-10691.1 0.61614
-12961.6 0.51614
-13184.5 0.506101
-15345.7 0.406101
-17300.8 0.306101
-19117 0.206101
-20684.9 0.106101
-21013.5 0.0830313
-22312 -0.0169687
-23428.6 -0.116969
-24384.1 -0.216969
-25205.9 -0.316969
-25520.6 -0.358858
-26497.5 -0.458858
-28134.7 -0.558858
-30625.8 -0.658858
-33287 -0.758858
-34117.3 -0.79055
-36647.4 -0.89055
-38880.1 -0.99055
-40820.1 -1.09055
-42484.6 -1.19055
-42703.6 -1.205
-44096.9 -1.305
-45315.6 -1.405
-46404.2 -1.505
-47390.5 -1.605
-47639.9 -1.63157
-48528.8 -1.73157
-49147.6 -1.83157
-49298.8 -1.93157
-49426.3 -2.03157
-49457.3 -2.05547
-42288.5 -1.95547
-35217.7 -1.85547
-30630 -1.78917
-23911.3 -1.68917
-17464.2 -1.58917
-11396.7 -1.48917
-5897.78 -1.38917
-4968.36 -1.37122
-405.26 -1.27122
3363.47 -1.17122
6260.04 -1.07122
8466.53 -0.982006
10777.8 -0.882006
12996.8 -0.782006
13903.4 -0.738896
16003.2 -0.638896
17942.3 -0.538896
19668.2 -0.438896
20829.9 -0.359448
22089.9 -0.259448
23124.9 -0.159448
23995.7 -0.0594481
24757.6 0.0405519
25064.6 0.0848423
25697.6 0.184842
26257.9 0.284842
26756.6 0.384842
27203.1 0.484842
27395.3 0.520865
28946.2 0.620865
31160 0.720865
33567.1 0.820865
35978.6 0.920865
37518.3 0.987911
39618.6 1.08791
41464.8 1.18791
43071.2 1.28791
44470 1.38791
44721.8 1.40744
45924 1.50744
46998.3 1.60744
47976.7 1.70744
48592.1 1.80744
48730.2 1.84271
41908.9 1.74271
35158.2 1.64271
30216.4 1.56815
23765.7 1.46815
17531.9 1.36815
11556.5 1.26815
5994.23 1.16815
4580.52 1.14153
568.411 1.04153
-2808.69 0.941533
-5880.14 0.841533
-8544.69 0.741533
-9192.2 0.715747
-11545.5 0.615747
-13802.2 0.515747
-14040.5 0.50492
-16173.2 0.40492
-18090.6 0.30492
-19846.4 0.20492
-21295.1 0.10492
-21668.9 0.0763778
-22863.2 -0.0236222
-23885.7 -0.123622
-24763.5 -0.223622
-25521.4 -0.323622
-25627.5 -0.338818
-26410.8 -0.438818
-27970.4 -0.538818
-30064.3 -0.638818
-32195.9 -0.738818
-32776.5 -0.766219
-34885 -0.866219
-36873.1 -0.966219
-38754.8 -1.06622
-40401.4 -1.16622
-41029.1 -1.20815
-42399.3 -1.30815
-43614.2 -1.40815
-44693.3 -1.50815
-45681.6 -1.60815
-45924.4 -1.63393
-46822.2 -1.73393
-47655.1 -1.83393
-48438.6 -1.93393
-49168.6 -2.03393
-49275.4 -2.05704
-42111.6 -1.95704
-35046.2 -1.85704
-30409 -1.78996
-23701.1 -1.68996
-17267.7 -1.58996
-11222.2 -1.48996
-5745.52 -1.38996
-4819.98 -1.37201
-292.296 -1.27201
3446.33 -1.17201
6323.26 -1.07201
8772.09 -0.972005
9429.63 -0.943463
11717.6 -0.843463
13399.6 -0.765628
13399.6 -0.765628
15671.3 -0.665628
17593.3 -0.565628
19270.4 -0.465628
20681.5 -0.365628
21903.4 -0.265628
21959.2 -0.260433
22965 -0.160433
23827.2 -0.0604326
24582.3 0.0395674
25251.6 0.139567
25346.3 0.154724
25930.6 0.254724
26452.1 0.354724
26919.5 0.454724
27414 0.554724
28746.2 0.639093
30881.4 0.739093
33224.8 0.839093
35624.1 0.939093
37884 1.03909
38853.6 1.08535
40760.4 1.18535
42416.6 1.28535
43852.9 1.38535
45106.1 1.48535
46223.5 1.58535
46248.8 1.58775
47255.8 1.68775
48184.2 1.78775
48807.6 1.88775
48991.3 1.98775
49121.5 2.08775
49144.1 2.10511
42400.1 2.00511
35734.8 1.90511
29222.3 1.80511
28064.6 1.78696
21799.6 1.68696
15783.5 1.58696
10064.1 1.48696
4786.18 1.38696
866.625 1.29043
-2432.19 1.19043
-5417.89 1.09043
-8080.45 0.99043
-8974.84 0.953699
-11251.9 0.853699
-13386.5 0.753699
-15439.5 0.653699
-17169.6 0.565038
-18987.4 0.465038
-20598.1 0.365038
-21885.4 0.265038
-22974.2 0.165038
-23710.9 0.0881494
-24554.3 -0.0118506
-25288 -0.111851
-25930.2 -0.211851
-26496.1 -0.311851
-26900.4 -0.391456
-27850 -0.491456
-29770 -0.591456
-31754.8 -0.691456
-33800.2 -0.791456
-35170.7 -0.860077
-37079.5 -0.960077
-38894.7 -1.06008
-40490.3 -1.16008
-41894 -1.26008
-42885.4 -1.33854
-44022 -1.43854
-45043.2 -1.53854
-45984.9 -1.63854
-46858.9 -1.73854
-47672.3 -1.83854
-47755.9 -1.84921
-48515 -1.94921
-49226 -2.04921
-49433.3 -2.14921
-49546.4 -2.24921
-49641.1 -2.3387
-42535.5 -2.2387
-35545.8 -2.1387
-28758.7 -2.0387
-28047.3 -2.02799
-21563.5 -1.92799
-15396.4 -1.82799
-9654.79 -1.72799
-4489.24 -1.62799
-559.263 -1.53819
3105.23 -1.43819
6014.85 -1.33819
8414.74 -1.23819
9493.42 -1.18925
11594.6 -1.08925
13627.2 -0.98925
15551.5 -0.88925
16642.9 -0.830431
18389.9 -0.730431
19965.3 -0.630431
21317.2 -0.530431
22439.5 -0.430431
23370 -0.330431
23498.9 -0.315472
24290.3 -0.215472
24954.1 -0.115472
25543.7 -0.0154718
26070 0.0845282
26413.9 0.156299
26852.3 0.256299
27249.4 0.356299
27610.7 0.456299
28170.3 0.556299
29468.2 0.637518
31287 0.737518
33231.5 0.837518
35187 0.937518
37110.6 1.03752
38668.2 1.12307
40299.4 1.22307
41744.7 1.32307
43011 1.42307
44142.3 1.52307
44833.1 1.58933
45793.1 1.68933
46675.9 1.78933
47489.5 1.88933
48250.6 1.98933
48966.3 2.08933
49049.3 2.11574
42311.1 2.01574
35655.2 1.91574
29155.3 1.81574
27402.2 1.78815
21176.8 1.68815
15208.7 1.58815
9577.67 1.48815
4372.96 1.38815
1155.95 1.30693
-2164.28 1.20693
-5159.26 1.10693
-7849.57 1.00693
-8758.15 0.969801
-11056.2 0.869801
-13188.8 0.769801
-15236.3 0.669801
-16873.3 0.585865
-18690 0.485865
-20318 0.385865
-21643 0.285865
-22742.8 0.185865
-23697 0.085865
-23746 0.0803148
-24567.1 -0.0196852
-25283.3 -0.119685
-25912 -0.219685
-26467.4 -0.319685
-26835.1 -0.393031
-27695.1 -0.493031
-29409.5 -0.593031
-31196.6 -0.693031
-32948.2 -0.793031
-34287.7 -0.872282
-35925.4 -0.972282
-37535.1 -1.07228
-39076.3 -1.17228
-40449.6 -1.27228
-41522.4 -1.35937
-42641 -1.45937
-43663.6 -1.55937
-44609.6 -1.65937
-45479.4 -1.75937
-46219.5 -1.85078
-46989 -1.95078
-47723 -2.05078
-48417.2 -2.15078
-49075.7 -2.25078
-49497.1 -2.33752
-42398.3 -2.23752
-35413.4 -2.13752
-29150.7 -2.04527
-22622.3 -1.94527
-16401.1 -1.84527
-10583.5 -1.74527
-5328.21 -1.64527
-1656.75 -1.56449
2202.31 -1.46449
5315.71 -1.36449
7807.98 -1.26449
8145.77 -1.2498
10328.7 -1.1498
12412.1 -1.0498
14382.2 -0.949801
16284 -0.849801
17297.4 -0.793502
17297.4 -0.793502
21741.1 -0.693502
24788.1 -0.593502
26730 -0.493502
27877.2 -0.393502
28588.6 -0.293502
28661.4 -0.280472
29143.3 -0.180472
29500.2 -0.0804719
29759.7 0.0195281
29977.1 0.119528
30077.9 0.17122
30256.2 0.27122
30417.5 0.37122
30565.9 0.47122
30902.6 0.57122
32339.8 0.67122
32925.7 0.710195
34615.8 0.810195
36348.6 0.910195
38099.7 1.0102
39828.6 1.1102
41380.3 1.2102
42027.9 1.25582
43327 1.35582
44470.4 1.45582
45485.5 1.55582
46412.3 1.65582
47253.5 1.75582
47921.9 1.84074
48656.4 1.94074
49350.7 2.04074
49951.7 2.14074
50059.1 2.24074
50119.4 2.34074
50131.2 2.36952
43444.7 2.26952
36844.9 2.16952
30402.9 2.06952
27108.9 2.01677
21009.7 1.91677
15185.5 1.81677
9738.37 1.71677
4680.27 1.61677
789.703 1.51677
-59.5236 1.49118
-3135.36 1.39118
-5934.44 1.29118
-8462.62 1.19118
-8599.45 1.18531
-10806.2 1.08531
-12797.3 0.985313
-14705.4 0.885313
-16529.2 0.785313
-18222.8 0.685313
-18853.7 0.643621
-20339.1 0.543621
-21633.1 0.443621
-22692.2 0.343621
-23594.7 0.243621
-24380.7 0.143621
-24750 0.0916927
-25396.6 -0.00830727
-25969.6 -0.108307
-26480.5 -0.208307
-26938.9 -0.308307
-27391.5 -0.408307
-27548.6 -0.43429
-28477.6 -0.53429
-30205.1 -0.63429
-32019.8 -0.73429
-33734.8 -0.83429
-35420.9 -0.93429
-36103.6 -0.97677
-37708.1 -1.07677
-39232.5 -1.17677
-40594.8 -1.27677
-41801.1 -1.37677
-42887.2 -1.47677
-43235.8 -1.51098
-44200.4 -1.61098
-45095.2 -1.71098
-45922.3 -1.81098
-46690.2 -1.91098
-47420.9 -2.01098
-47699.6 -2.05035
-48386.9 -2.15035
-49033.1 -2.25035
-49543.8 -2.35035
-49681.4 -2.45035
-49794.3 -2.55035
-49821.6 -2.57913
-42779.3 -2.47913
-35858.8 -2.37913
-31064.4 -2.30811
-24551.7 -2.20811
-18354.4 -2.10811
-12524.4 -2.00811
-7203.21 -1.90811
-2577.59 -1.80811
-454.276 -1.75622
3060.13 -1.65622
5940.54 -1.55622
8284.21 -1.45622
8801.31 -1.43224
10834.2 -1.33224
12727 -1.23224
14545.4 -1.13224
16284.5 -1.03224
17914.9 -0.932241
18395.6 -0.901179
19865.2 -0.801179
21179.7 -0.701179
22300.1 -0.601179
23243.3 -0.501179
24050 -0.401179
24358.4 -0.357913
25014.3 -0.257913
25558.2 -0.157913
26047.4 -0.0579127
26489.6 0.0420873
26891.2 0.142087
27074 0.190866
27425.1 0.290866
27747.6 0.390866
28092.9 0.490866
28908.1 0.590866
30538.6 0.690866
31306.9 0.735707
33008.7 0.835707
34676.8 0.935707
36296 1.03571
37846.4 1.13571
39363.5 1.23571
39651.1 1.25582
40988.9 1.35582
42190.2 1.45582
43280.2 1.55582
44275.1 1.65582
45174.9 1.75582
45514.1 1.79559
46330 1.89559
47097.6 1.99559
47809.7 2.09559
48485.1 2.19559
49114.7 2.29559
49291.7 2.36913
42619 2.26913
36035.4 2.16913
29626.7 2.06913
26869.5 2.025
20783.7 1.925
14967.9 1.825
9552.01 1.725
4518.37 1.625
658.447 1.525
-574.599 1.48763
-3609.55 1.38763
-6380.71 1.28763
-8845.56 1.18763
-8988.77 1.18138
-11145.5 1.08138
-13121.3 0.981376
-15025.8 0.881376
-16827.8 0.781376
-18507.2 0.681376
-19072.3 0.644014
-20554.4 0.544014
-21839.1 0.444014
-22888.4 0.344014
-23779.3 0.244014
-24542.1 0.144014
-24797.4 0.107401
-25438.1 0.00740136
-26006.1 -0.0925986
-26512.8 -0.192599
-26967.5 -0.292599
-27445.3 -0.392599
-27817.2 -0.444881
-28952.8 -0.544881
-30546 -0.644881
-32190.2 -0.744881
-33733.3 -0.844881
-35140.1 -0.944881
-35661.3 -0.980707
-37074 -1.08071
-38472.8 -1.18071
-39778.8 -1.28071
-40951.6 -1.38071
-42005.2 -1.48071
-42332.3 -1.51413
-43257.6 -1.61413
-44116.6 -1.71413
-44923.9 -1.81413
-45689.9 -1.91413
-46416.8 -2.01413
-46625 -2.04366
-47296.9 -2.14366
-47936.9 -2.24366
-48554.4 -2.34366
-49148.4 -2.44366
-49690.8 -2.54366
-49776 -2.59877
-42735 -2.49877
-35826.8 -2.39877
-29128.3 -2.29877
-26263.5 -2.25468
-19993 -2.15468
-14072.3 -2.05468
-8629.45 -1.95468
-3772.86 -1.85468
287.125 -1.75468
1202.14 -1.72913
4441.61 -1.62913
7015.17 -1.52913
9211.62 -1.42913
9511.74 -1.41456
11478.6 -1.31456
13328.9 -1.21456
15099.5 -1.11456
16802.4 -1.01456
18378.3 -0.914564
18998.9 -0.872872
18998.9 -0.872872
23354.1 -0.772872
26204.7 -0.672872
27051.1 -0.622872
27654.1 -0.572872
28096.5 -0.522872
28447.1 -0.472872
28999.4 -0.372872
29404.8 -0.272872
29416.7 -0.269488
29724 -0.169488
29938.3 -0.0694877
30123.6 0.0305123
30289.2 0.130512
30423.2 0.218779
30564.6 0.318779
30697.2 0.418779
30916.6 0.518779
32082.6 0.618779
33481.1 0.718779
34882.3 0.818779
35234.3 0.844132
36621.6 0.944132
37999.1 1.04413
39327.9 1.14413
40682.8 1.24413
41899.5 1.34413
42925.5 1.43771
43926.6 1.53771
44848.8 1.63771
45699.4 1.73771
46474.9 1.83771
47207.2 1.93771
47545.7 1.9857
48218.5 2.0857
48849 2.1857
49450 2.2857
50003.7 2.3857
50105.3 2.4857
50158.9 2.5857
50176.3 2.6272
43545.2 2.5272
37020.1 2.4272
30671.6 2.3272
24576.1 2.22771
18690.1 2.12771
13118 2.02771
8004.13 1.92771
3356.21 1.82771
-168.577 1.72771
-2517.83 1.64988
-5270.47 1.54988
-7809.64 1.44988
-10027.2 1.34988
-11960.1 1.24988
-12152.5 1.23941
-13952.8 1.13941
-15683.1 1.03941
-17318.1 0.939407
-18828.7 0.839407
-19524.9 0.789407
-20155.1 0.739407
-20653.4 0.701731
-21892.6 0.601731
-22885.8 0.501731
-23749.9 0.401731
-24481.4 0.301731
-25117 0.201731
-25682.8 0.101731
-25711.1 0.0964171
-26214.9 -0.00358287
-26668.7 -0.103583
-27079.8 -0.203583
-27454.1 -0.303583
-27896.2 -0.403583
-28351.2 -0.473582
-29424 -0.573582
-30918.1 -0.673582
-32467 -0.773582
-33943.3 -0.873582
-35333.8 -0.973582
-36714.1 -1.07358
-36717.6 -1.07382
-38108.2 -1.17382
-39418.6 -1.27382
-40604.1 -1.37382
-41678.3 -1.47382
-42640.8 -1.57382
-43494.6 -1.67011
-44322.2 -1.77011
-45101.9 -1.87011
-45843.1 -1.97011
-46548.1 -2.07011
-47220.3 -2.17011
-47738.3 -2.25228
-48348.3 -2.35228
-48937.3 -2.45228
-49506.2 -2.55228
-49813 -2.65228
-49908.5 -2.75228
-49980.4 -2.8431
-42981.6 -2.7431
-36130.1 -2.6431
-29492.8 -2.5431
-26581.6 -2.49783
-20391.7 -2.39783
-14568.4 -2.29783
-9208.05 -2.19783
-4361.49 -2.09783
-346.414 -1.99783
3019.2 -1.89783
3172.24 -1.89291
5982.07 -1.79291
8260.79 -1.69291
10258.9 -1.59291
12079.9 -1.49291
12631.3 -1.46118
14296.2 -1.36118
15883.5 -1.26118
17416.1 -1.16118
18830.6 -1.06118
20127.4 -0.961178
20483.9 -0.931415
21619.1 -0.831415
22599.7 -0.731415
23485.5 -0.631415
24251 -0.531415
24905.6 -0.431415
25423.3 -0.344133
25914.7 -0.244133
26337.7 -0.144133
26724 -0.0441332
27078.2 0.0558668
27404.5 0.155867
27674.9 0.245078
27957.3 0.345078
28261.6 0.445078
28790.5 0.545078
29873.4 0.645078
31327.8 0.745078
32335 0.811534
33786.3 0.911534
35135.7 1.01153
36477.3 1.11153
37812 1.21153
39091.9 1.31153
40328.1 1.41153
40636.7 1.43811
41714.3 1.53811
42700.3 1.63811
43612.3 1.73811
44464.8 1.83811
45264.6 1.93811
45968.4 2.03165
46669.3 2.13165
47339.5 2.23165
47981.3 2.33165
48590.1 2.43165
49159.5 2.53165
49447 2.62759
42830.3 2.52759
36315.2 2.42759
29987 2.32759
23942.8 2.2285
18091.8 2.1285
12581.2 2.0285
7510.88 1.9285
2935.56 1.8285
-504.067 1.7285
-2595.26 1.65889
-5351.29 1.55889
-7885.27 1.45889
-10088.4 1.35889
-12016.4 1.25889
-13114.3 1.19846
-14877.6 1.09846
-16558.5 0.998462
-18136.6 0.898462
-19594.4 0.798462
-20875.9 0.70055
-22074.1 0.60055
-23065 0.50055
-23904.3 0.40055
-24634.4 0.30055
-25252.5 0.20055
-25780 0.105039
-26276.3 0.00503916
-26723.7 -0.0949608
-27129.2 -0.194961
-27498.7 -0.294961
-27962 -0.394961
-28508 -0.475157
-29679.5 -0.575157
-31047.8 -0.675157
-32463.6 -0.775157
-33816.3 -0.875157
-35104.5 -0.975157
-36323.9 -1.07516
-36436.6 -1.08441
-37661.1 -1.18441
-38833.5 -1.28441
-39921 -1.38441
-40944.7 -1.48441
-41883.4 -1.58441
-42572.7 -1.66303
-43382.6 -1.76303
-44137.3 -1.86303
-44853.1 -1.96303
-45537.1 -2.06303
-46194.1 -2.16303
-46828.7 -2.26303
-46832.6 -2.26366
-47443.8 -2.36366
-48034.3 -2.46366
-48588.9 -2.56366
-49126.2 -2.66366
-49643.5 -2.76366
-49910.2 -2.85055
-42919.9 -2.75055
-36065.7 -2.65055
-29439.9 -2.55055
-26013 -2.49704
-19859.8 -2.39704
-14079.6 -2.29704
-8778.23 -2.19704
-4020.77 -2.09704
-55.4192 -1.99704
3256.19 -1.89704
3370.81 -1.8933
6136.55 -1.7933
8389.35 -1.6933
10368.5 -1.5933
12177.8 -1.4933
12611.1 -1.46826
14276 -1.36826
15858.3 -1.26826
17388 -1.16826
18799.3 -1.06826
20094.1 -0.968265
20634.4 -0.922754
21204.6 -0.872872
22251.9 -0.772872
23168.5 -0.672872
23984.8 -0.572872
24688 -0.472872
25301.3 -0.372872
25843.5 -0.272872
25858.8 -0.269488
26288.7 -0.169488
26680.7 -0.0694877
27040 0.0305123
27370.7 0.130512
27641.7 0.218779
27927.7 0.318779
28218.5 0.418779
28740.1 0.518779
29683.8 0.618779
31050.5 0.718779
32511.7 0.818779
32867.3 0.844132
34248.1 0.944132
35532.7 1.04413
36847.4 1.14413
38124.6 1.24413
39387 1.34413
40492.2 1.43771
41565.6 1.53771
42535.9 1.63771
43433.9 1.73771
44273.8 1.83771
45066.8 1.93771
45430.9 1.9857
46160.7 2.0857
46837.2 2.1857
47484.9 2.2857
48107.6 2.3857
48705.6 2.4857
49263.1 2.5857
49433.1 2.6272
42819.5 2.5272
36308.2 2.4272
29982.4 2.3272
23917.4 2.22771
18074.3 2.12771
12570.9 2.02771
7511.4 1.92771
2939.03 1.82771
-494.907 1.72771
-2821.07 1.64988
-5553.7 1.54988
-8063.81 1.44988
-10239.9 1.34988
-12147.1 1.24988
-12338.4 1.23941
-14129 1.13941
-15845.7 1.03941
-17468.6 0.939407
-18981 0.839407
-20339.7 0.739407
-20836 0.701731
-22042.3 0.601731
-23045.9 0.501731
-23887 0.401731
-24628.7 0.301731
-25248.4 0.201731
-25800.7 0.101731
-25828.3 0.0964171
-26320.7 -0.00358287
-26764.6 -0.103583
-27167.2 -0.203583
-27534.1 -0.303583
-28047.6 -0.403583
-28544.1 -0.473582
-29663 -0.573582
-30997.3 -0.673582
-32378.2 -0.773582
-33711.4 -0.873582
-35001 -0.973582
-36240.8 -1.07358
-36243.7 -1.07382
-37451.3 -1.17382
-38632.2 -1.27382
-39707.2 -1.37382
-40734.1 -1.47382
-41674.1 -1.57382
-42513.2 -1.67011
-43323.5 -1.77011
-44069.9 -1.87011
-44777.8 -1.97011
-45454.3 -2.07011
-46104.7 -2.17011
-46622.4 -2.25228
-47234.7 -2.35228
-47823.9 -2.45228
-48392.4 -2.55228
-48928.1 -2.65228
-49448.4 -2.75228
-49891.1 -2.8431
-42902.1 -2.7431
-36047.1 -2.6431
-29423.6 -2.5431
-26517.7 -2.49783
-20337.8 -2.39783
-14527.2 -2.29783
-9182.29 -2.19783
-4357.37 -2.09783
-366.46 -1.99783
2998.38 -1.89783
3150.62 -1.89291
5958.57 -1.79291
8236.84 -1.69291
10230.6 -1.59291
12050.1 -1.49291
12601.8 -1.46118
14269.7 -1.36118
15854.1 -1.26118
17385.8 -1.16118
18798.6 -1.06118
20094 -0.961178
20450.1 -0.931415
21585.2 -0.831415
22577.9 -0.731415
23467.6 -0.631415
24245.5 -0.531415
24909.9 -0.431415
25429.7 -0.344133
25945.8 -0.244133
26368.5 -0.144133
26754.3 -0.0441332
27108.1 0.0558668
27434.1 0.155867
27704.2 0.245078
27986.3 0.345078
28341.3 0.445078
28913 0.545078
30031.8 0.645078
31426.8 0.745078
32396.4 0.811534
33792.1 0.911534
35087.5 1.01153
36389.1 1.11153
37677.7 1.21153
38953.3 1.31153
40163.2 1.41153
40465.8 1.43811
41538.8 1.53811
42505.8 1.63811
43400.5 1.73811
44237.1 1.83811
45027 1.93811
45726.6 2.03165
46435 2.13165
47095.4 2.23165
47729.4 2.33165
48339.5 2.43165
48923.9 2.53165
49426.6 2.62759
42814.3 2.52759
36304.4 2.42759
29979.7 2.32759
23938.7 2.2285
18098.7 2.1285
12594.6 2.0285
7540.91 1.9285
2966.16 1.8285
-469.582 1.7285
-2560.52 1.65889
-5313.45 1.55889
-7847.49 1.45889
-10044.5 1.35889
-11971.9 1.25889
-13069.4 1.19846
-14831.9 1.09846
-16512.1 0.998462
-18090.5 0.898462
-19557.3 0.798462
-20844.6 0.70055
-22050.1 0.60055
-23054.9 0.50055
-23894.8 0.40055
-24638.5 0.30055
-25257.5 0.20055
-25785.8 0.105039
-26282.8 0.00503916
-26730.7 -0.0949608
-27136.7 -0.194961
-27506.6 -0.294961
-28014.7 -0.394961
-28573.4 -0.475157
-29697.9 -0.575157
-31021.6 -0.675157
-32395.6 -0.775157
-33722.6 -0.875157
-35013.9 -0.975157
-36257.9 -1.07516
-36370.7 -1.08441
-37582.9 -1.18441
-38749.1 -1.28441
-39820.8 -1.38441
-40836.2 -1.48441
-41766.9 -1.58441
-42450.2 -1.66303
-43266.7 -1.76303
-44015.1 -1.86303
-44724.6 -1.96303
-45402.3 -2.06303
-46053.6 -2.16303
-46682.6 -2.26303
-46686.4 -2.26366
-47296 -2.36366
-47882.7 -2.46366
-48448.5 -2.56366
-48981.9 -2.66366
-49499.8 -2.76366
-49899.6 -2.85055
-42912.2 -2.75055
-36058.1 -2.65055
-29435.7 -2.55055
-26010.8 -2.49704
-19861.3 -2.39704
-14085.5 -2.29704
-8787.55 -2.19704
-4035.85 -2.09704
-89.0923 -1.99704
3223.33 -1.89704
3337.78 -1.8933
6104.93 -1.7933
8358.74 -1.6933
10337.3 -1.5933
12144.9 -1.4933
12579.9 -1.46826
14245.5 -1.36826
15825.3 -1.26826
17355.7 -1.16826
18766.6 -1.06826
20061.9 -0.968265
20602.5 -0.922754
20602.5 -0.922754
24592.8 -0.822754
26761.8 -0.722754
27859.2 -0.622754
28531.3 -0.522754
29032.1 -0.422754
29400.8 -0.322754
29508.3 -0.289921
29763 -0.189921
29958.7 -0.0899207
30120.2 0.0100793
30267.5 0.110079
30404.2 0.210079
30493 0.278464
30617.3 0.378464
30736.8 0.478464
31148.4 0.578464
32220.3 0.678464
33439 0.778464
34681.6 0.878464
35313.3 0.931337
36485.9 1.03134
37621.6 1.13134
38811.5 1.23134
39965.8 1.33134
41111 1.43134
42157 1.53134
42630.6 1.58031
43532.2 1.68031
44371.1 1.78031
45160.3 1.88031
45911.7 1.98031
46621.8 2.08031
47289.4 2.18031
47602.3 2.22925
48224.9 2.32925
48827 2.42925
49402.7 2.52925
49943.8 2.62925
50153.4 2.72925
50218.7 2.82925
50248.5 2.89314
43675.5 2.79314
37230.6 2.69314
30950.6 2.59314
24900.4 2.49314
24001.9 2.47795
21094.6 2.42795
19668 2.40295
18258.8 2.37795
12873.3 2.27795
7930.41 2.17795
3422.37 2.07795
-60.5721 1.97795
-2964.43 1.87795
-4090.08 1.8361
-6611.58 1.7361
-8930.7 1.6361
-10931.1 1.5361
-12661.5 1.4361
-12907.5 1.42141
-14543.8 1.32141
-16109 1.22141
-17592.7 1.12141
-18980 1.02141
-20246.3 0.921414
-21388.1 0.821414
-21936.1 0.772479
-22932.3 0.672479
-23763.3 0.572479
-24510.9 0.472479
-25133.4 0.372479
-25663.9 0.272479
-26142.1 0.172479
-26332.1 0.129803
-26748 0.0298029
-27127.4 -0.0701971
-27475.3 -0.170197
-27795.7 -0.270197
-28192.8 -0.370197
-28779.8 -0.470197
-29106.7 -0.515983
-30272.7 -0.615983
-31545.9 -0.715983
-32876 -0.815983
-34165.3 -0.915983
-35426.2 -1.01598
-36651.9 -1.11598
-37255.3 -1.16689
-38452.4 -1.26689
-39529.5 -1.36689
-40571.1 -1.46689
-41524 -1.56689
-42404.3 -1.66689
-43221.4 -1.76689
-43570.8 -1.81271
-44301.9 -1.91271
-44996.4 -2.01271
-45661 -2.11271
-46300.5 -2.21271
-46918.8 -2.31271
-47516.3 -2.41271
-47786.6 -2.45929
-48353.9 -2.55929
-48886.6 -2.65929
-49403.8 -2.75929
-49894.7 -2.85929
-50004.7 -2.95929
-50092.8 -3.05929
-50145.5 -3.12397
-43200.9 -3.02397
-36401 -2.92397
-29823.9 -2.82397
-23565.4 -2.72397
-22716.9 -2.70999
-16860.9 -2.60999
-11427.2 -2.50999
-6513.52 -2.40999
-2266.7 -2.30999
1318.29 -2.20999
3321.96 -2.14488
6044.69 -2.04488
8259.67 -1.94488
10184.6 -1.84488
11918.1 -1.74488
13390 -1.65303
14895.8 -1.55303
16302.6 -1.45303
17670.4 -1.35303
18943.3 -1.25303
20120.1 -1.15303
21208.8 -1.05303
21351.3 -1.03905
22303.1 -0.939053
23152.7 -0.839053
23911.5 -0.739053
24594.4 -0.639053
25203.9 -0.539053
25751.4 -0.439053
25998.3 -0.386574
26429.8 -0.286574
26791.5 -0.186574
27117.6 -0.086574
27419.9 0.013426
27701.2 0.113426
27963.9 0.213426
28150.7 0.2887
28385.6 0.3887
28549.7 0.4387
28773 0.4887
29429.1 0.5887
30619.3 0.6887
31899.5 0.7887
33203.6 0.8887
33854.7 0.941573
35044 1.04157
36166.3 1.14157
37296.3 1.24157
38469.3 1.34157
39587.6 1.44157
40634.7 1.54157
41115.9 1.59051
42043.7 1.69051
42886 1.79051
43675 1.89051
44420.8 1.99051
45131.3 2.09051
45811.9 2.19051
46126.1 2.2383
46762.7 2.3383
47364.6 2.4383
47938 2.5383
48492.2 2.6383
49026.1 2.7383
49516.1 2.8383
49563.9 2.86645
42995.5 2.76645
36555.2 2.66645
30290.3 2.56645
24403.7 2.46889
18634 2.36889
13216.7 2.26889
8245.75 2.16889
3660.47 2.06889
122.583 1.96889
-2824.94 1.86889
-3772.3 1.83413
-6335.8 1.73413
-8694.9 1.63413
-10734.9 1.53413
-12491.1 1.43413
-12726.3 1.42023
-14378 1.32023
-15956.9 1.22023
-17454.1 1.12023
-18858.4 1.02023
-20147 0.920233
-21309.7 0.820233
-21938.2 0.764998
-22945.6 0.664998
-23789.6 0.564998
-24537.3 0.464998
-25181.4 0.364998
-25714.8 0.264998
-26191.3 0.164998
-26433.1 0.110157
-26842.7 0.0101573
-27216.5 -0.0898427
-27559.3 -0.189843
-27875.4 -0.289843
-28378.2 -0.389843
-29084.5 -0.489843
-29400.1 -0.523857
-30581.5 -0.623857
-31783.5 -0.723857
-32983.4 -0.823857
-34168.5 -0.923857
-35307.1 -1.02386
-36433.7 -1.12386
-36842.7 -1.16063
-37877.9 -1.26063
-38860.1 -1.36063
-39839.5 -1.46063
-40760.9 -1.56063
-41605.9 -1.66063
-42394 -1.76063
-42846.4 -1.82094
-43565 -1.92094
-44234.9 -2.02094
-44868.5 -2.12094
-45477.9 -2.22094
-46066.8 -2.32094
-46638.1 -2.42094
-46852.9 -2.45929
-47403.2 -2.55929
-47939.7 -2.65929
-48459.9 -2.75929
-48966.1 -2.85929
-49443.1 -2.95929
-49902.9 -3.05929
-50076.7 -3.12397
-43138.9 -3.02397
-36344.1 -2.92397
-29773.1 -2.82397
-23515.1 -2.72397
-22644.5 -2.7096
-16799 -2.6096
-11379 -2.5096
-6473.57 -2.4096
-2240.82 -2.3096
1329.62 -2.2096
3363.84 -2.1433
6078.05 -2.0433
8287.57 -1.9433
10206.7 -1.8433
11936.8 -1.7433
13452 -1.6487
14953 -1.5487
16354.5 -1.4487
17720.2 -1.3487
18986.8 -1.2487
20158.4 -1.1487
21239.4 -1.0487
21581.7 -1.01472
21581.7 -1.01472
25430.6 -0.914722
27327.4 -0.814722
28182.7 -0.714722
28733.9 -0.614722
29167.7 -0.514722
29535.7 -0.414722
29797 -0.314722
29870.2 -0.284055
30050.2 -0.184055
30203.9 -0.0840545
30339.9 0.0159455
30467.5 0.115945
30590.5 0.215945
30709.3 0.315945
30714.6 0.320511
30829.4 0.420511
31043.7 0.520511
31977 0.620511
33027.4 0.720511
34125.5 0.820511
35223.7 0.920511
36255.2 1.02051
36373 1.03193
37384.7 1.13193
38358.5 1.23193
39411.6 1.33193
40414.9 1.43193
41385.7 1.53193
42283.8 1.63193
43120.8 1.73193
43136.3 1.73389
43898.6 1.83389
44618.8 1.93389
45304.8 2.03389
45963.7 2.13389
46599.3 2.23389
47207.8 2.33389
47791.7 2.43389
47813.7 2.43783
48364.3 2.53783
48898.9 2.63783
49418.1 2.73783
49918.9 2.83783
50190.4 2.93783
50241 3.03783
50277 3.1324
43750.8 3.0324
37361.3 2.9324
31137.4 2.8324
25150.1 2.7324
23399.2 2.70228
17772.4 2.60228
12545.8 2.50228
7726.02 2.40228
3355.56 2.30228
1448.95 2.24909
-1634.67 2.14909
-4308.96 2.04909
-6738.1 1.94909
-8983.83 1.84909
-10944.5 1.74909
-12599.5 1.64909
-14148.7 1.54909
-14202.3 1.54555
-15681.4 1.44555
-17088.6 1.34555
-18415.5 1.24555
-19655.8 1.14555
-20773.1 1.04555
-21781 0.945548
-22681 0.850668
-23537.8 0.750668
-24312.8 0.650668
-24964.6 0.550668
-25539.4 0.450668
-26012.9 0.350668
-26433.4 0.250668
-26818.6 0.150668
-26887.7 0.131771
-27235.8 0.0317714
-27556.9 -0.0682286
-27854.4 -0.168229
-28131.1 -0.268229
-28507.4 -0.368229
-29072.5 -0.468229
-29782.9 -0.555274
-30930.9 -0.655274
-32071.4 -0.755274
-33233.3 -0.855274
-34397.7 -0.955274
-35525.2 -1.05527
-36639.8 -1.15527
-37686.9 -1.25527
-37784.1 -1.26512
-38748.6 -1.36512
-39733.8 -1.46512
-40656 -1.56512
-41501.2 -1.66512
-42288.1 -1.76512
-43028 -1.86512
-43729.7 -1.96512
-43796.8 -1.97492
-44443.8 -2.07492
-45061.8 -2.17492
-45657.2 -2.27492
-46233.3 -2.37492
-46792.7 -2.47492
-47337.4 -2.57492
-47868.9 -2.67492
-47893.9 -2.67968
-48410.4 -2.77968
-48911.7 -2.87968
-49388.7 -2.97968
-49847.8 -3.07968
-50110.6 -3.17968
-50197.3 -3.27968
-50278.6 -3.37968
-50290.4 -3.39468
-43398.9 -3.29468
-36652.4 -3.19468
-30131.8 -3.09468
-23926 -2.99468
-20967.1 -2.94492
-15322.3 -2.84492
-10158.5 -2.74492
-5486.91 -2.64492
-1517.87 -2.54492
1838.09 -2.44492
2356.85 -2.42759
5133.15 -2.32759
7474.46 -2.22759
9438.89 -2.12759
11175.2 -2.02759
12749.4 -1.92759
14197.4 -1.82759
14527.3 -1.80389
15862.4 -1.70389
17107.6 -1.60389
18306.3 -1.50389
19430.5 -1.40389
20473.4 -1.30389
21444.3 -1.20389
22327 -1.10661
23146.6 -1.00661
23880.6 -0.906612
24524.4 -0.806612
25118.3 -0.706612
25655.9 -0.606612
26131.4 -0.506612
26556.7 -0.406612
26683.2 -0.373228
27037.5 -0.273228
27332.5 -0.173228
27604.4 -0.0732276
27858.8 0.0267724
28097.9 0.126772
28323.3 0.226772
28536.3 0.326772
28542.8 0.329921
28753.1 0.429921
29251.1 0.529921
30139.8 0.629921
31295.9 0.729921
32427 0.829921
33569.9 0.929921
34650.1 1.02992
34678.6 1.03271
35721.6 1.13271
36729.6 1.23271
37726.3 1.33271
38755.1 1.43271
39696.6 1.53271
40616.7 1.63271
41342 1.71622
42158.9 1.81622
42928.9 1.91622
43636.9 2.01622
44311.1 2.11622
44957 2.21622
45578.6 2.31622
46179.8 2.41622
46360.5 2.44688
46937.7 2.54688
47493 2.64688
48026.1 2.74688
48531.9 2.84688
49021.2 2.94688
49489.5 3.04688
49695.3 3.14688
49704.8 3.15948
43178.3 3.05948
36793.2 2.95948
30591.1 2.85948
24628.7 2.75948
21182.5 2.69952
15684.7 2.59952
10669.8 2.49952
5997.58 2.39952
1955.87 2.29952
-12.9804 2.24003
-2867.87 2.14003
-5424.39 2.04003
-7763.99 1.94003
-9891.99 1.84003
-11701.8 1.74003
-13293.3 1.64003
-14801.8 1.54003
-14894.5 1.53374
-16328.6 1.43374
-17686.2 1.33374
-18960.9 1.23374
-20139.5 1.13374
-21209.1 1.03374
-22166.3 0.933737
-23044.8 0.83925
-23859.4 0.73925
-24593.5 0.63925
-25226.9 0.53925
-25783.2 0.43925
-26243 0.33925
-26640.9 0.23925
-26961.2 0.152204
-27302.1 0.0522044
-27617 -0.0477956
-27909 -0.147796
-28180.8 -0.247796
-28562.9 -0.347796
-29167.2 -0.447796
-30030.8 -0.547796
-30139.5 -0.55803
-31227.3 -0.65803
-32315.9 -0.75803
-33332.3 -0.85803
-34397.8 -0.95803
-35466 -1.05803
-36487.3 -1.15803
-37418.9 -1.25803
-38328.2 -1.35803
-39245.3 -1.45803
-40098.2 -1.55803
-40910 -1.65803
-41667.5 -1.75803
-42374.7 -1.85803
-43044.2 -1.95803
-43207.3 -1.98319
-43837.7 -2.08319
-44444.3 -2.18319
-45009.1 -2.28319
-45555.4 -2.38319
-46085.9 -2.48319
-46602.5 -2.58319
-47042.1 -2.67023
-47536.6 -2.77023
-48020.9 -2.87023
-48495.5 -2.97023
-48960.5 -3.07023
-49411.3 -3.17023
-49846.3 -3.27023
-50232.5 -3.37023
-50260.9 -3.39389
-43374.1 -3.29389
-36632.7 -3.19389
-30117.4 -3.09389
-23918 -2.99389
-21516.3 -2.95358
-15836.1 -2.85358
-10627.2 -2.75358
-5914.47 -2.65358
-1880.42 -2.55358
1525.29 -2.45358
2251.24 -2.42956
5040.57 -2.32956
7396.31 -2.22956
9368.5 -2.12956
11107.8 -2.02956
12683.1 -1.92956
14136.7 -1.82956
14494.6 -1.80389
15827.4 -1.70389
17070.7 -1.60389
18266.1 -1.50389
19388.3 -1.40389
20429.6 -1.30389
21398.9 -1.20389
22303.7 -1.10389
22583.9 -1.07086
22583.9 -1.07086
23381.8 -0.970864
24084.6 -0.870864
24693.4 -0.770864
25254.5 -0.670864
25758.9 -0.570864
26207.7 -0.470864
26610.9 -0.370864
26851 -0.303306
27172.4 -0.203306
27445.7 -0.103306
27702.1 -0.00330648
27941.4 0.0966935
28166.9 0.196694
28380.3 0.296694
28552.3 0.381417
28854.4 0.481417
29450.1 0.581417
30363.8 0.681417
31435.6 0.781417
32483.3 0.881417
33553.9 0.981417
34592 1.08142
34842.1 1.10539
35846.1 1.20539
36862.2 1.30539
37838.4 1.40539
38830.4 1.50539
39746.3 1.60539
40642.2 1.70539
41488.8 1.80539
42163.4 1.88984
42922.6 1.98984
43632.2 2.08984
44300.2 2.18984
44942.1 2.28984
45561.8 2.38984
46162.7 2.48984
46747.1 2.58984
46972.7 2.62917
47532.5 2.72917
48076.4 2.82917
48588.3 2.92917
49085.7 3.02917
49566.8 3.12917
49736.6 3.22917
49824.8 3.32917
49878.3 3.4046
43385.1 3.3046
37032.7 3.2046
30859.1 3.1046
24935.6 3.0046
20296.6 2.92263
14929.3 2.82263
10053 2.72263
5530.19 2.62263
1646.21 2.52263
-1442.39 2.42263
-4081.95 2.32263
-6465.17 2.22263
-7740.48 2.16527
-9821.47 2.06527
-11614.3 1.96527
-13146.1 1.86527
-14584.1 1.76527
-15950.4 1.66527
-16999.7 1.58468
-18234.2 1.48468
-19391.3 1.38468
-20471.9 1.28468
-21468.6 1.18468
-22372.1 1.08468
-23217.6 0.984682
-23865.1 0.900904
-24570.8 0.800904
-25197.8 0.700904
-25774 0.600904
-26248.1 0.500904
-26667 0.400904
-27016.3 0.300904
-27337.8 0.200904
-27512.8 0.143149
-27799.1 0.0431493
-28066.3 -0.0568507
-28316.5 -0.156851
-28551.5 -0.256851
-28907.4 -0.356851
-29538.1 -0.456851
-30464.6 -0.556851
-30976.4 -0.607125
-32051.4 -0.707125
-33047.3 -0.807125
-34054.1 -0.907125
-35073.4 -1.00712
-36117.7 -1.10712
-37070.6 -1.20712
-37960 -1.30712
-38632.8 -1.38059
-39513 -1.48059
-40336.9 -1.58059
-41119.5 -1.68059
-41852.5 -1.78059
-42538.8 -1.88059
-43190.7 -1.98059
-43812.9 -2.08059
-44086 -2.12578
-44672.9 -2.22578
-45222 -2.32578
-45754.3 -2.42578
-46272.1 -2.52578
-46777.1 -2.62578
-47270.6 -2.72578
-47753.7 -2.82578
-48000.5 -2.87767
-48469.3 -2.97767
-48929.2 -3.07767
-49376.8 -3.17767
-49814.3 -3.27767
-50225.1 -3.37767
-50340.1 -3.47767
-50415.9 -3.57767
-50469.6 -3.65232
-43621.8 -3.55232
-36924.4 -3.45232
-30456.5 -3.35232
-24301.8 -3.25232
-20241.3 -3.18291
-14737.9 -3.08291
-9724.07 -2.98291
-5218.74 -2.88291
-1352.8 -2.78291
1874.41 -2.68291
4624.43 -2.58291
7027.6 -2.48291
8345.56 -2.41814
10154.3 -2.31814
11761.9 -2.21814
13221.1 -2.11814
14571.2 -2.01814
15827.6 -1.91814
16256.4 -1.88232
17398.3 -1.78232
18468.1 -1.68232
19502.9 -1.58232
20464.9 -1.48232
21362.1 -1.38232
22201.8 -1.28232
22964.2 -1.18232
23372.2 -1.12508
24048.2 -1.02508
24674.3 -0.925076
25246.7 -0.825076
25737.7 -0.725076
26189.6 -0.625076
26601.7 -0.525076
26989.3 -0.425076
27155 -0.374409
27456 -0.274409
27712.8 -0.174409
27950.3 -0.0744087
28172.7 0.0255913
28383.3 0.125591
28583.2 0.225591
28773.4 0.325591
28827 0.354684
29083.2 0.454684
29717.3 0.554684
30631.9 0.654684
31605.2 0.754684
32558 0.854684
33486.5 0.954684
34419 1.05468
35181.5 1.13405
36097.5 1.23405
37022.2 1.33405
37917 1.43405
38734.7 1.53405
39602.5 1.63405
40438.3 1.73405
41218.1 1.83405
41639.9 1.89102
42348.5 1.99102
43024 2.09102
43667.2 2.19102
44269.1 2.29102
44849.5 2.39102
45411.3 2.49102
45956.6 2.59102
46260.9 2.64803
46783.8 2.74803
47294 2.84803
47791.3 2.94803
48271.9 3.04803
48732.4 3.14803
49170.7 3.24803
49593.8 3.34803
49789.5 3.41444
43301.8 3.31444
36956.7 3.21444
30792.3 3.11444
24877.8 3.01444
19275.5 2.91476
14008.5 2.81476
9208.2 2.71476
4765.06 2.61476
1051.74 2.51476
-1936.65 2.41476
-4529.54 2.31476
-6876.23 2.21476
-7760.43 2.17468
-9842.99 2.07468
-11642.3 1.97468
-13176.1 1.87468
-14610.3 1.77468
-15971.5 1.67468
-16337.7 1.64685
-17606.7 1.54685
-18799.9 1.44685
-19916.9 1.34685
-20958.5 1.24685
-21906 1.14685
-22755.5 1.04685
-23568.6 0.946847
-23913.4 0.90051
-24606.3 0.80051
-25221.5 0.70051
-25791 0.60051
-26255.8 0.50051
-26667.3 0.40051
-27010.5 0.30051
-27327.9 0.20051
-27528.1 0.133346
-27810.5 0.0333462
-28074.4 -0.0666538
-28321.6 -0.166654
-28554 -0.266654
-28905.9 -0.366654
-29535.5 -0.466654
-30467.3 -0.566654
-30877.2 -0.607125
-31885.5 -0.707125
-32871.3 -0.807125
-33798.8 -0.907125
-34762.9 -1.00712
-35737.9 -1.10712
-36682.9 -1.20712
-37547.6 -1.30712
-38031 -1.36291
-38868.8 -1.46291
-39668.9 -1.56291
-40404.1 -1.66291
-41106.8 -1.76291
-41784.8 -1.86291
-42427.6 -1.96291
-43035.9 -2.06291
-43409.6 -2.12657
-43979.2 -2.22657
-44530.4 -2.32657
-45064 -2.42657
-45563.3 -2.52657
-46049.8 -2.62657
-46524.9 -2.72657
-46989.8 -2.82657
-47241.6 -2.88161
-47692.5 -2.98161
-48135 -3.08161
-48569.9 -3.18161
-48997.4 -3.28161
-49417.6 -3.38161
-49829 -3.48161
-50227.3 -3.58161
-50416.6 -3.65271
-43571.1 -3.55271
-36879.5 -3.45271
-30417.7 -3.35271
-24270.1 -3.25271
-18684 -3.15621
-13304.3 -3.05621
-8439.91 -2.95621
-4099.77 -2.85621
-420.129 -2.75621
2643.7 -2.65621
5302.25 -2.55621
7584.73 -2.45621
8343.77 -2.41814
10150.6 -2.31814
11757 -2.21814
13215.2 -2.11814
14566.4 -2.01814
15822.6 -1.91814
16731.5 -1.8411
17841.5 -1.7411
18898.9 -1.6411
19902.5 -1.5411
20836.6 -1.4411
21708.9 -1.3411
22520.3 -1.2411
23093.2 -1.16319
23093.2 -1.16319
26436.7 -1.06319
27718.7 -0.963187
28344.8 -0.863187
28796.7 -0.763187
29151 -0.663187
29450.5 -0.563187
29716.9 -0.463187
29943.7 -0.363187
30060.9 -0.298188
30203 -0.198188
30320.3 -0.0981884
30432.1 0.00181162
30539.4 0.101812
30643.2 0.201812
30749.7 0.301812
30870.8 0.401812
30906.6 0.431692
31087.3 0.531692
31813 0.631692
32683.6 0.731692
33564.5 0.831692
34416.8 0.931692
35277.5 1.03169
36159.8 1.13169
37037.1 1.23169
37088.3 1.2374
37957.2 1.3374
38806.8 1.4374
39569.2 1.5374
40328.7 1.6374
41131.4 1.7374
41880.5 1.8374
42580.1 1.9374
43244.9 2.0374
43380.5 2.05838
44011 2.15838
44610.6 2.25838
45175 2.35838
45722.1 2.45838
46254.4 2.55838
46773.8 2.65838
47281.9 2.75838
47779.2 2.85838
47840.7 2.87078
48328.4 2.97078
48801.6 3.07078
49259.2 3.17078
49693.8 3.27078
50079.8 3.37078
50300.2 3.47078
50343.7 3.52078
50377.4 3.57078
50423.9 3.67078
50433.5 3.69334
44014.1 3.59334
37712.2 3.49334
31589 3.39334
25707.5 3.29334
20124.3 3.19334
18308.5 3.15952
13282 3.05952
8632.49 2.95952
4334.26 2.85952
860.118 2.75952
-2053.37 2.65952
-4549.13 2.55952
-6805.36 2.45952
-8830.51 2.36173
-10736.7 2.26173
-12323.3 2.16173
-13707.7 2.06173
-15007.1 1.96173
-16241 1.86173
-17179.2 1.782
-18298.2 1.682
-19351.4 1.582
-20340.1 1.482
-21266.4 1.382
-22134.1 1.282
-22927.8 1.182
-23633.9 1.082
-24292.1 0.982004
-24516.7 0.946494
-25115.1 0.846494
-25650 0.746494
-26133.5 0.646494
-26575.1 0.546494
-26938.9 0.446494
-27266.9 0.346494
-27551.5 0.246494
-27817.6 0.146494
-27832.3 0.140787
-28081.1 0.0407871
-28316.6 -0.0592129
-28538.8 -0.159213
-28749.1 -0.259213
-29088.2 -0.359213
-29656.4 -0.459213
-30500.1 -0.559213
-31465.4 -0.659213
-31474.5 -0.660196
-32446.1 -0.760196
-33355.8 -0.860196
-34257 -0.960196
-35220.9 -1.0602
-36178.9 -1.1602
-37070 -1.2602
-37940.4 -1.3602
-38771.5 -1.4602
-38850.8 -1.4698
-39651.4 -1.5698
-40382.5 -1.6698
-41080.7 -1.7698
-41754.4 -1.8698
-42393 -1.9698
-42998.1 -2.0698
-43577.1 -2.1698
-44135.8 -2.2698
-44216.5 -2.28452
-44755.5 -2.38452
-45272.1 -2.48452
-45761.1 -2.58452
-46238.1 -2.68452
-46704.4 -2.78452
-47161 -2.88452
-47608.7 -2.98452
-48048.3 -3.08452
-48132.7 -3.10393
-48563.1 -3.20393
-48986.2 -3.30393
-49402.2 -3.40393
-49811.1 -3.50393
-50208.1 -3.60393
-50440.1 -3.70393
-50509.8 -3.80393
-50574.2 -3.90393
-50582.8 -3.91791
-43763.2 -3.81791
-37105.2 -3.71791
-30681.5 -3.61791
-24573.9 -3.51791
-18835.1 -3.41791
-17560.4 -3.39468
-12345.4 -3.29468
-7665.96 -3.19468
-3525.34 -3.09468
18.7477 -2.99468
2946.4 -2.89468
5498.12 -2.79468
7720.67 -2.69468
8255.89 -2.66732
10035 -2.56732
11606.8 -2.46732
13020.3 -2.36732
14309.5 -2.26732
15500.8 -2.16732
16612.5 -2.06732
17164.9 -2.01484
18164.2 -1.91484
19099.2 -1.81484
20002.8 -1.71484
20852 -1.61484
21648.3 -1.51484
22393.2 -1.41484
23059 -1.31484
23648.5 -1.2209
24243.6 -1.1209
24806.3 -1.0209
25333.9 -0.920903
25812.6 -0.820903
26245 -0.720903
26630.5 -0.620903
26984.8 -0.520903
27322.5 -0.420903
27473.6 -0.372401
27736.1 -0.272401
27970 -0.172401
28182.1 -0.0724008
28384.3 0.0275992
28576.6 0.127599
28757 0.227599
28929 0.327599
29119.1 0.427599
29155 0.439172
29758.8 0.539172
30580.5 0.639172
31455.8 0.739172
32363.1 0.839172
33217.6 0.939172
34037.1 1.03917
34909 1.13917
35785 1.23917
35832.4 1.24449
36697.1 1.34449
37493 1.44449
38281.1 1.54449
39083.8 1.64449
39854.5 1.74449
40598.4 1.84449
41300.9 1.94449
41962.8 2.04449
42037.3 2.05606
42665.4 2.15606
43267 2.25606
43847.8 2.35606
44395.6 2.45606
44921.2 2.55606
45432.1 2.65606
45930 2.75606
46416.1 2.85606
46560 2.8861
47032.2 2.9861
47494.6 3.0861
47947.6 3.1861
48390 3.2861
48818.9 3.3861
49234.2 3.4861
49627.4 3.5861
49892.6 3.6861
49910 3.7083
43500 3.6083
37207.9 3.5083
31094.7 3.4083
25231 3.3083
19660.7 3.2083
17289.7 3.16385
12363.7 3.06385
7787.62 2.96385
3591.18 2.86385
237.292 2.76385
-2574.11 2.66385
-5026.06 2.56385
-7245.09 2.46385
-8606.79 2.39791
-10532.4 2.29791
-12167.2 2.19791
-13564.3 2.09791
-14869.9 1.99791
-16106.7 1.89791
-17278.4 1.79791
-17644 1.76551
-18729.1 1.66551
-19748.7 1.56551
-20704.9 1.46551
-21600.9 1.36551
-22437.4 1.26551
-23203.7 1.16551
-23889.4 1.06551
-24547.5 0.965508
-24606.6 0.955904
-25198.6 0.855904
-25735.5 0.755904
-26207.6 0.655904
-26649.9 0.555904
-27018.4 0.455904
-27344.6 0.355904
-27625.9 0.255904
-27887.2 0.155904
-27937.1 0.136063
-28179.4 0.0360627
-28407.8 -0.0639373
-28624.5 -0.163937
-28829.9 -0.263937
-29221.4 -0.363937
-29881.3 -0.463937
-30806.1 -0.563937
-31741.2 -0.663937
-31921 -0.683778
-32813.9 -0.783778
-33684.5 -0.883778
-34525.6 -0.983778
-35415.6 -1.08378
-36275.7 -1.18378
-37108.6 -1.28378
-37946.3 -1.38378
-38719.8 -1.48378
-38726.8 -1.48472
-39428.3 -1.58472
-40108.6 -1.68472
-40756.2 -1.78472
-41360.4 -1.88472
-41962 -1.98472
-42542.1 -2.08472
-43099.6 -2.18472
-43634.2 -2.28472
-43733.8 -2.30377
-44247.3 -2.40377
-44747.3 -2.50377
-45235.5 -2.60377
-45707 -2.70377
-46156.7 -2.80377
-46596.8 -2.90377
-47026.6 -3.00377
-47448.8 -3.10377
-47554.5 -3.12909
-47967.8 -3.22909
-48374.6 -3.32909
-48775 -3.42909
-49169.4 -3.52909
-49557.7 -3.62909
-49940.1 -3.72909
-50314.3 -3.82909
-50553.8 -3.92657
-43742.3 -3.82657
-37087.2 -3.72657
-30672.7 -3.62657
-24575.9 -3.52657
-18846.8 -3.42657
-17382 -3.3998
-12194.1 -3.2998
-7533.94 -3.1998
-3417.52 -3.0998
100.116 -2.9998
3011.39 -2.8998
5557.89 -2.7998
7772.35 -2.6998
9546.18 -2.60397
11172.1 -2.50397
12627.9 -2.40397
13950.1 -2.30397
15171.4 -2.20397
16307.7 -2.10397
17365.1 -2.00397
17891.8 -1.95145
18845.2 -1.85145
19757.2 -1.75145
20623.5 -1.65145
21434.8 -1.55145
22196.8 -1.45145
22875 -1.35145
23511.4 -1.25145
23932.7 -1.18201
23932.7 -1.18201
24519 -1.08201
25055.5 -0.982006
25550.9 -0.882006
25997 -0.782006
26394.2 -0.682006
26756.2 -0.582006
27088.7 -0.482006
27401.9 -0.382006
27661.7 -0.282006
27673.5 -0.277165
27904.3 -0.177165
28107.8 -0.0771648
28301.4 0.0228352
28483.1 0.122835
28656 0.222835
28821.7 0.322835
28982.3 0.422835
29059.3 0.462598
29538.8 0.562598
30251.8 0.662598
31081 0.762598
31906.9 0.862598
32744.5 0.962598
33531.7 1.0626
34360 1.1626
35211.3 1.2626
36086.2 1.36063
36923.9 1.46063
37699.4 1.56063
38515.6 1.66063
39311 1.76063
40066.3 1.86063
40795.2 1.96063
41486.1 2.06063
42139.3 2.16063
42614.4 2.23622
43222.5 2.33622
43808.9 2.43622
44366.2 2.53622
44897.6 2.63622
45414.9 2.73622
45919.8 2.83622
46413.6 2.93622
46897.4 3.03622
47122.7 3.08346
47593 3.18346
48055 3.28346
48508.7 3.38346
48949.8 3.48346
49375.9 3.58346
49782.8 3.68346
49943.7 3.78346
50024.7 3.88346
50082 3.98346
50089.1 3.9996
43707.4 3.8996
37446.8 3.7996
31368.5 3.6996
25540.3 3.5996
20009.1 3.4996
15428.5 3.41102
10702.9 3.31102
6333.93 3.21102
2447.69 3.11102
-649.59 3.01102
-3301.12 2.91102
-5619.16 2.81102
-7718.43 2.71102
-9640.32 2.61102
-10727.4 2.55039
-12317.4 2.45039
-13643.6 2.35039
-14871.5 2.25039
-16030.2 2.15039
-17126.9 2.05039
-18163.1 1.95039
-18348.3 1.93189
-19314 1.83189
-20222.3 1.73189
-21076 1.63189
-21878.6 1.53189
-22629.5 1.43189
-23309.8 1.33189
-23944.6 1.23189
-24546.3 1.13189
-25035.7 1.05039
-25583.6 0.950392
-26059.2 0.850392
-26488.5 0.750392
-26887.7 0.650392
-27259.2 0.550392
-27564.8 0.450392
-27833 0.350392
-28071.9 0.250392
-28249.4 0.171653
-28463.6 0.0716532
-28667 -0.0283468
-28861.2 -0.128347
-29046.5 -0.228347
-29318.9 -0.328347
-29944.3 -0.428347
-30776.8 -0.528347
-31659.1 -0.628347
-32107.6 -0.682676
-32918 -0.782676
-33724.5 -0.882676
-34514.5 -0.982676
-35342.8 -1.08268
-36177.9 -1.18268
-36988.4 -1.28268
-37819.6 -1.38268
-38581.3 -1.48268
-39163.4 -1.56574
-39835.2 -1.66574
-40494.2 -1.76574
-41102.6 -1.86574
-41702.2 -1.96574
-42285.1 -2.06574
-42845.3 -2.16574
-43384.9 -2.26574
-43903.4 -2.36574
-44155.1 -2.41535
-44652.9 -2.51535
-45139.1 -2.61535
-45610.5 -2.71535
-46058.7 -2.81535
-46498 -2.91535
-46927.7 -3.01535
-47348.4 -3.11535
-47761.9 -3.21535
-48101.9 -3.29881
-48503.4 -3.39881
-48898.8 -3.49881
-49288 -3.59881
-49671.5 -3.69881
-50048.7 -3.79881
-50418.8 -3.89881
-50564.4 -3.99881
-50625.6 -4.09881
-50669.9 -4.17676
-43880.1 -4.07676
-37253.3 -3.97676
-30872.1 -3.87676
-24810.9 -3.77676
-19122.7 -3.67676
-14031.2 -3.58031
-9256.36 -3.48031
-5013.16 -3.38031
-1279.78 -3.28031
1801.7 -3.18031
4420.74 -3.08031
6748.16 -2.98031
8735.47 -2.88031
9392.62 -2.84291
10998.6 -2.74291
12426.1 -2.64291
13716.8 -2.54291
14897.6 -2.44291
15994.9 -2.34291
17014.5 -2.24291
17964.3 -2.14291
18278.6 -2.10826
19147.2 -2.00826
19963.3 -1.90826
20755.2 -1.80826
21500.8 -1.70826
22203.7 -1.60826
22844.8 -1.50826
23452.5 -1.40826
24013.3 -1.30826
24412.7 -1.23267
24918.2 -1.13267
25398.7 -1.03267
25855.4 -0.932675
26273.6 -0.832675
26663.7 -0.732675
27014.8 -0.632675
27331.8 -0.532675
27626.2 -0.432675
27834.6 -0.356299
28065.5 -0.256299
28267.4 -0.156299
28456.3 -0.0562985
28637.4 0.0437015
28812.5 0.143701
28984.9 0.243701
29151.2 0.343701
29385.3 0.443701
29496.8 0.470865
30196.4 0.570865
31056.3 0.670865
31885.1 0.770865
32689.7 0.870865
33481.7 0.970865
34227 1.07087
34991.4 1.17087
35799.4 1.27087
36609.2 1.37087
36664.7 1.37795
37409.1 1.47795
38148 1.57795
38859.3 1.67795
39561.7 1.77795
40217 1.87795
40835.9 1.97795
41453.9 2.07795
42045.3 2.17795
42474.4 2.25315
43022.8 2.35315
43554 2.45315
44070.4 2.55315
44573.9 2.65315
45050.9 2.75315
45510.8 2.85315
45960.3 2.95315
46400.6 3.05315
46603.9 3.09999
47031.7 3.19999
47451.7 3.29999
47864 3.39999
48268.8 3.49999
48666 3.59999
49055.2 3.69999
49432.8 3.79999
49796.3 3.89999
50047.8 3.99999
50058.7 4.01535
43685.3 3.91535
37434.8 3.81535
31367.1 3.71535
25549.9 3.61535
20029.8 3.51535
14902.9 3.41535
10227.4 3.31535
5910.09 3.21535
2110.4 3.11535
-933.174 3.01535
-3543.21 2.91535
-5839.19 2.81535
-7921.09 2.71535
-9825.28 2.61535
-10475.5 2.57913
-12125.5 2.47913
-13475.4 2.37913
-14713.3 2.27913
-15878 2.17913
-16979.5 2.07913
-18020.4 1.97913
-18476 1.93346
-19430.7 1.83346
-20328.8 1.73346
-21173.2 1.63346
-21967.4 1.53346
-22702.3 1.43346
-23371.9 1.33346
-24000.4 1.23346
-24594.2 1.13346
-25079.4 1.05079
-25620.7 0.950785
-26088 0.850785
-26516.6 0.750785
-26909.6 0.650785
-27279.8 0.550785
-27581.3 0.450785
-27852 0.350785
-28088.5 0.250785
-28277.4 0.166535
-28489.1 0.0665351
-28690 -0.0334649
-28881.3 -0.133465
-29063.6 -0.233465
-29400.9 -0.333465
-30028.6 -0.433465
-30834.7 -0.533465
-31695.3 -0.633465
-32216.1 -0.698424
-32974.3 -0.798424
-33742.4 -0.898424
-34508.1 -0.998424
-35296.2 -1.09842
-36068.3 -1.19842
-36838.8 -1.29842
-37613.7 -1.39842
-38351.5 -1.49842
-38787.6 -1.5622
-39427.5 -1.6622
-40020.6 -1.7622
-40607.8 -1.8622
-41184.5 -1.9622
-41750.3 -2.0622
-42293 -2.1622
-42816.2 -2.2622
-43322.8 -2.3622
-43686.5 -2.43582
-44167.7 -2.53582
-44634.5 -2.63582
-45091.4 -2.73582
-45539.3 -2.83582
-45973.1 -2.93582
-46388.7 -3.03582
-46797.1 -3.13582
-47198.9 -3.23582
-47517.1 -3.31614
-47908.1 -3.41614
-48293.6 -3.51614
-48673.7 -3.61614
-49045.8 -3.71614
-49412.7 -3.81614
-49774.5 -3.91614
-50130.8 -4.01614
-50479.2 -4.11614
-50651 -4.21495
-43878.4 -4.11495
-37267 -4.01495
-30898.8 -3.91495
-24854.5 -3.81495
-19181.2 -3.71495
-13922.4 -3.61495
-12939.6 -3.59527
-8294.41 -3.49527
-4182.78 -3.39527
-580.976 -3.29527
2374.38 -3.19527
4924.12 -3.09527
7197.45 -2.99527
9107.79 -2.89527
10749.5 -2.79527
11479.9 -2.74645
12859.8 -2.64645
14112.5 -2.54645
15266.4 -2.44645
16338.6 -2.34645
17335.1 -2.24645
18264.3 -2.14645
19101.2 -2.05039
19920.1 -1.95039
20709.6 -1.85039
21457.4 -1.75039
22157.9 -1.65039
22807.8 -1.55039
23415.3 -1.45039
23986.5 -1.35039
24419.1 -1.26811
24922 -1.16811
25399.9 -1.06811
25851.8 -0.968108
26267.7 -0.868108
26654.8 -0.768108
27014.4 -0.668108
27323.6 -0.568108
27614 -0.468108
27801.8 -0.401343
